185 13 178.99066 97.66873 163.02057 1.983765500729115
295 13 138.8112 31.017136 147.23042 1.740448148081234
313 13 2.38066 7.5760717 39.48816 1.8493777235972864
322 13 30.303476 93.226944 10.911667 1.641418198650818
352 13 53.710903 185.59894 63.44691 1.7831590057636872
410 13 124.898796 196.56113 21.729153 0.9519237685946211
411 13 98.78345 156.54512 155.10307 1.8599993843148075
424 13 170.20786 110.067764 156.37341 1.8810399210754902
440 13 81.71211 197.08678 143.50665 2.0315024237638353
463 13 23.134375 171.68228 120.747665 2.099916039033044
474 13 8.3445215 8.693734 121.70441 1.5047492093146306
479 13 14.468059 151.26422 111.56699 1.6577976434112431
511 13 130.16136 64.24549 154.86575 2.486110704050885
519 13 168.37221 53.335667 24.000708 1.3381800850625243
526 13 161.89922 42.818348 159.01707 1.9475897622169236
540 13 66.92414 50.116085 154.59915 2.158662582304784
551 13 147.84856 55.95537 66.1314 1.4165826442781935
561 13 17.688946 198.55408 56.39457 1.4928309382913363
564 13 131.8204 142.21039 53.503 1.6759303637805267
579 13 97.28834 106.48272 76.68736 0.9189516029134184
595 13 91.08058 148.4481 13.607937 0.9167540514730367
600 13 126.58782 73.502716 187.30156 1.6271907453633023
608 13 202.98187 147.23102 157.14536 1.7196407040505872
641 13 123.21906 120.83009 198.42892 1.2398421343626345
644 13 137.87376 106.36406 23.140474 1.4149600264489641
649 13 92.86412 179.70293 163.42041 1.238893708572626
656 13 147.03783 84.81508 63.34525 1.2198771056997946
679 13 134.74663 82.06575 103.518616 1.195891644487404
683 13 66.05172 151.05635 87.636604 1.6242518511789394
691 13 77.43233 186.14955 135.57066 1.483172219118833
698 13 89.97238 133.00368 43.691116 1.7957899480289492
722 13 66.396164 109.00401 60.239918 2.0312262799097645
730 13 15.242955 74.6061 141.73705 1.616183025674784
731 13 50.575863 69.9765 202.45695 1.6605922654343586
733 13 149.46692 85.28522 30.276064 1.551541871371569
738 13 152.03647 154.69595 17.506939 1.4159675941946974
741 13 64.86763 93.08881 3.6918395 1.8222627111105418
743 13 24.878906 39.161205 138.62941 1.87875808188102
750 13 88.652405 199.54167 79.68223 1.5620865315979067
756 13 104.85626 71.44684 29.593092 1.048771699126997
759 13 102.58824 52.676003 127.49046 1.5177989758381736
776 13 140.55164 204.22966 3.1348643 1.7176146059463608
777 13 160.44107 32.10552 88.39277 1.6034323004469575
778 13 36.634113 142.61107 173.45445 1.6582526875389803
780 13 81.60794 183.30421 165.79863 2.013751854152216
782 13 200.08768 78.37519 169.77406 1.9497185092491176
791 13 18.538174 65.06519 182.69572 1.98719061308026
792 13 129.78215 34.252266 36.897 1.433034392333369
796 13 65.74481 185.64407 52.515873 1.5736164883350208
797 13 142.31985 138.90216 181.37186 1.7979429623009886
799 13 43.869156 190.98114 2.487327 1.7897109596278291
803 13 144.55583 62.11733 160.7787 1.8174431157385453
804 13 62.927147 175.25659 47.688545 1.8719179995910786
819 13 69.55938 191.13437 104.813515 1.5234124063504428
822 13 51.736507 142.61893 82.98747 0.8057945393007636
825 13 174.59578 21.660473 132.78424 1.1478286456845828
826 13 86.564384 96.607666 25.24999 1.8997885753129076
836 13 71.48433 115.75361 4.679543 1.7214203633372875
837 13 115.65579 163.86191 139.18413 2.01680125539007
839 13 33.076965 19.169983 131.7686 1.6498883639365565
856 13 34.229687 24.458261 144.43123 1.6169894161044307
864 13 26.65893 180.92123 41.795135 1.6949627999334138
868 13 81.31586 106.1692 101.6111 1.9388912729566068
870 13 29.143572 13.219865 140.0734 1.976517997220249
875 13 105.282265 87.433556 76.85385 1.9212241398317433
876 13 179.34659 61.07433 113.99895 1.523093474278964
885 13 155.69923 27.985771 94.53272 1.6944637919854229
886 13 121.19165 35.766567 145.94266 2.0711023133761883
889 13 179.95918 157.74205 49.527184 1.788464615343593
890 13 44.064335 129.76721 188.49443 1.7906654066401129
891 13 13.621226 197.87967 175.75124 1.5460765047863898
897 13 50.471348 141.90178 7.0619874 1.8421736558553763
898 13 126.09682 83.83538 7.910165 1.7572899467478966
899 13 183.24266 116.81698 11.545614 1.922543663277162
900 13 93.491585 17.464073 125.71848 1.5373852683666749
905 13 12.083588 178.13673 50.28524 1.963264631520882
906 13 1.1576144 78.26373 82.18802 1.8021451049414872
911 13 145.78485 188.52547 36.44587 1.8352005640074083
916 13 16.418116 193.70511 133.20332 1.7322071806687391
925 13 156.29459 100.64407 170.19514 1.7918181898644554
931 13 58.501125 45.596973 1.9560469 1.9776176542789967
932 13 139.82037 41.733192 116.11964 1.7731589257121947
933 13 183.74904 54.83812 95.40496 1.988009427534196
937 13 108.5744 183.87222 26.569992 2.0500799092125126
938 13 50.835133 48.532063 132.39146 1.8014058656220562
940 13 164.81898 128.77504 163.05602 1.8121172158632817
942 13 111.06112 195.00058 111.34105 1.4554070230808938
943 13 30.559061 27.309198 144.39825 1.3497972664204216
945 13 199.59366 196.92354 103.106926 2.171603680071232
947 13 196.83282 79.52695 80.87734 1.4212812214242065
949 13 174.84093 169.60466 100.9429 2.3115819035276592
950 13 3.4122128 2.8479521 144.26566 1.8071061450562185
953 13 101.50401 27.164404 13.731835 1.6774067119907135
954 13 37.266727 190.30206 23.873562 1.7834407207912903
955 13 90.88719 77.15649 33.398968 1.9909933772220356
960 13 75.241684 68.52077 51.11595 1.5353778307927177
961 13 97.395096 27.458824 148.74834 0.9059030501661637
962 13 32.73036 75.42593 145.22179 1.4617257781043784
965 13 109.55966 150.38 140.83015 1.6477457279524201
968 13 136.50395 185.92215 122.75572 1.4185238608182833
974 13 203.8119 42.155945 47.091778 2.069104446810769
986 13 84.10394 108.66119 90.299515 1.791963737305621
987 13 172.4659 55.60719 92.639465 1.9505796532763986
989 13 91.54678 79.06361 34.88607 1.772722043144086
991 13 21.211 182.13983 53.15993 1.572163249931288
1003 13 59.829628 18.94296 41.600777 1.1154386011722466
1005 13 35.429478 85.7605 155.4155 2.0128021973156485
1008 13 176.94757 168.26485 109.60009 0.8822324844593112
1009 13 19.279736 14.169214 116.81072 1.6902910898930434
1012 13 113.423225 152.89523 142.95506 1.6075684515797568
1013 13 78.00058 72.642296 57.8017 1.4430076366452396
1016 13 8.611847 113.299164 128.15347 2.057715204866594
1018 13 64.26349 189.68492 40.957325 1.8498938324986582
1025 13 43.189007 83.51985 82.06683 1.8900784162720663
1029 13 106.10586 182.36163 90.240265 1.9997920057099323
1031 13 105.500824 23.76417 92.462326 1.1932343872778064
1039 13 147.69559 132.7018 156.91748 1.8500811262506907
1040 13 106.22073 1.2070214 118.072044 1.246950833702281
1041 13 145.15791 94.33884 162.61058 1.6296975976459946
1045 13 168.47292 52.58742 59.620407 1.7526466077154725
1046 13 173.16544 29.211773 156.28647 1.4973776774478011
1047 13 182.51016 115.728745 167.89937 1.6151243741891372
1048 13 76.46466 156.11742 81.36678 1.27054924206359
1049 13 184.78397 32.31083 0.22586401 1.6917820699828974
1051 13 99.96608 157.09946 153.71529 1.4342106361095286
1052 13 20.487452 119.343575 26.198263 1.5943539576220442
1055 13 148.02171 31.363724 163.98637 2.3926080069864524
1066 13 189.11316 192.5664 84.2372 1.2615870790727026
1084 13 27.318842 167.83629 60.259098 1.755601084777976
1095 13 144.8753 61.20062 132.34164 1.6769907377325421
1097 13 24.81714 43.06758 178.71054 1.5334883417951397
1100 13 55.25902 86.25758 152.75418 1.8653864368325235
1105 13 23.246231 50.990253 188.98436 1.248410931389331
1110 13 14.831301 176.48941 14.350505 1.2452493459414973
1113 13 49.502674 53.000668 139.5047 1.747228235078496
1115 13 100.36371 60.76017 39.35183 0.8915207772184711
1124 13 62.939636 139.3279 119.55695 1.583262533389563
1125 13 10.007931 203.31561 5.424291 1.9832143905056387
1168 13 163.91434 33.76324 163.7134 1.280245304175483
1173 13 140.19922 51.23022 67.09698 0.940562921283361
1257 13 80.45563 56.93653 110.34073 2.032529868079413
