-6.000000e+00  -1.710046e+01
-5.990000e+00  -1.706085e+01
-5.980000e+00  -1.702123e+01
-5.970000e+00  -1.698162e+01
-5.960000e+00  -1.694201e+01
-5.950000e+00  -1.690240e+01
-5.940000e+00  -1.686279e+01
-5.930000e+00  -1.682318e+01
-5.920000e+00  -1.678357e+01
-5.910000e+00  -1.674395e+01
-5.900000e+00  -1.670434e+01
-5.890000e+00  -1.666473e+01
-5.880000e+00  -1.662512e+01
-5.870000e+00  -1.658551e+01
-5.860000e+00  -1.654590e+01
-5.850000e+00  -1.650628e+01
-5.840000e+00  -1.646667e+01
-5.830000e+00  -1.642706e+01
-5.820000e+00  -1.638745e+01
-5.810000e+00  -1.634784e+01
-5.800000e+00  -1.630823e+01
-5.790000e+00  -1.626862e+01
-5.780000e+00  -1.622901e+01
-5.770000e+00  -1.618939e+01
-5.760000e+00  -1.614978e+01
-5.750000e+00  -1.611017e+01
-5.740000e+00  -1.607056e+01
-5.730000e+00  -1.603095e+01
-5.720000e+00  -1.599133e+01
-5.710000e+00  -1.595172e+01
-5.700000e+00  -1.591211e+01
-5.690000e+00  -1.587250e+01
-5.680000e+00  -1.583289e+01
-5.670000e+00  -1.579328e+01
-5.660000e+00  -1.575367e+01
-5.650000e+00  -1.571405e+01
-5.640000e+00  -1.567444e+01
-5.630000e+00  -1.563483e+01
-5.620000e+00  -1.559522e+01
-5.610000e+00  -1.555561e+01
-5.600000e+00  -1.551600e+01
-5.590000e+00  -1.547639e+01
-5.580000e+00  -1.543677e+01
-5.570000e+00  -1.539716e+01
-5.560000e+00  -1.535755e+01
-5.550000e+00  -1.531794e+01
-5.540000e+00  -1.527833e+01
-5.530000e+00  -1.523872e+01
-5.520000e+00  -1.519911e+01
-5.510000e+00  -1.515949e+01
-5.500000e+00  -1.511988e+01
-5.490000e+00  -1.508027e+01
-5.480000e+00  -1.504066e+01
-5.470000e+00  -1.500105e+01
-5.460000e+00  -1.496144e+01
-5.450000e+00  -1.492182e+01
-5.440000e+00  -1.488221e+01
-5.430000e+00  -1.484260e+01
-5.420000e+00  -1.480299e+01
-5.410000e+00  -1.476338e+01
-5.400000e+00  -1.472377e+01
-5.390000e+00  -1.468416e+01
-5.380000e+00  -1.464455e+01
-5.370000e+00  -1.460493e+01
-5.360000e+00  -1.456532e+01
-5.350000e+00  -1.452571e+01
-5.340000e+00  -1.448610e+01
-5.330000e+00  -1.444649e+01
-5.320000e+00  -1.440688e+01
-5.310000e+00  -1.436726e+01
-5.300000e+00  -1.432765e+01
-5.290000e+00  -1.428804e+01
-5.280000e+00  -1.424843e+01
-5.270000e+00  -1.420882e+01
-5.260000e+00  -1.416921e+01
-5.250000e+00  -1.412960e+01
-5.240000e+00  -1.408999e+01
-5.230000e+00  -1.405037e+01
-5.220000e+00  -1.401076e+01
-5.210000e+00  -1.397115e+01
-5.200000e+00  -1.393154e+01
-5.190000e+00  -1.389193e+01
-5.180000e+00  -1.385232e+01
-5.170000e+00  -1.381271e+01
-5.160000e+00  -1.377310e+01
-5.150000e+00  -1.373348e+01
-5.140000e+00  -1.369387e+01
-5.130000e+00  -1.365426e+01
-5.120000e+00  -1.361465e+01
-5.110000e+00  -1.357504e+01
-5.100000e+00  -1.353543e+01
-5.090000e+00  -1.349582e+01
-5.080000e+00  -1.345621e+01
-5.070000e+00  -1.341659e+01
-5.060000e+00  -1.337698e+01
-5.050000e+00  -1.333737e+01
-5.040000e+00  -1.329776e+01
-5.030000e+00  -1.325815e+01
-5.020000e+00  -1.321854e+01
-5.010000e+00  -1.317893e+01
-5.000000e+00  -1.313932e+01
-4.990000e+00  -1.309971e+01
-4.980000e+00  -1.306009e+01
-4.970000e+00  -1.302048e+01
-4.960000e+00  -1.298087e+01
-4.950000e+00  -1.294126e+01
-4.940000e+00  -1.290165e+01
-4.930000e+00  -1.286204e+01
-4.920000e+00  -1.282243e+01
-4.910000e+00  -1.278281e+01
-4.900000e+00  -1.274321e+01
-4.890000e+00  -1.270359e+01
-4.880000e+00  -1.266398e+01
-4.870000e+00  -1.262437e+01
-4.860000e+00  -1.258476e+01
-4.850000e+00  -1.254515e+01
-4.840000e+00  -1.250554e+01
-4.830000e+00  -1.246593e+01
-4.820000e+00  -1.242632e+01
-4.810000e+00  -1.238671e+01
-4.800000e+00  -1.234709e+01
-4.790000e+00  -1.230748e+01
-4.780000e+00  -1.226787e+01
-4.770000e+00  -1.222826e+01
-4.760000e+00  -1.218865e+01
-4.750000e+00  -1.214904e+01
-4.740000e+00  -1.210943e+01
-4.730000e+00  -1.206982e+01
-4.720000e+00  -1.203021e+01
-4.710000e+00  -1.199060e+01
-4.700000e+00  -1.195098e+01
-4.690000e+00  -1.191138e+01
-4.680000e+00  -1.187176e+01
-4.670000e+00  -1.183215e+01
-4.660000e+00  -1.179254e+01
-4.650000e+00  -1.175293e+01
-4.640000e+00  -1.171332e+01
-4.630000e+00  -1.167371e+01
-4.620000e+00  -1.163410e+01
-4.610000e+00  -1.159449e+01
-4.600000e+00  -1.155488e+01
-4.590000e+00  -1.151527e+01
-4.580000e+00  -1.147566e+01
-4.570000e+00  -1.143605e+01
-4.560000e+00  -1.139643e+01
-4.550000e+00  -1.135682e+01
-4.540000e+00  -1.131721e+01
-4.530000e+00  -1.127760e+01
-4.520000e+00  -1.123799e+01
-4.510000e+00  -1.119838e+01
-4.500000e+00  -1.115877e+01
-4.490000e+00  -1.111916e+01
-4.480000e+00  -1.107955e+01
-4.470000e+00  -1.103994e+01
-4.460000e+00  -1.100033e+01
-4.450000e+00  -1.096072e+01
-4.440000e+00  -1.092111e+01
-4.430000e+00  -1.088150e+01
-4.420000e+00  -1.084189e+01
-4.410000e+00  -1.080227e+01
-4.400000e+00  -1.076266e+01
-4.390000e+00  -1.072305e+01
-4.380000e+00  -1.068344e+01
-4.370000e+00  -1.064383e+01
-4.360000e+00  -1.060422e+01
-4.350000e+00  -1.056461e+01
-4.340000e+00  -1.052500e+01
-4.330000e+00  -1.048539e+01
-4.320000e+00  -1.044578e+01
-4.310000e+00  -1.040617e+01
-4.300000e+00  -1.036656e+01
-4.290000e+00  -1.032695e+01
-4.280000e+00  -1.028734e+01
-4.270000e+00  -1.024773e+01
-4.260000e+00  -1.020812e+01
-4.250000e+00  -1.016851e+01
-4.240000e+00  -1.012890e+01
-4.230000e+00  -1.008929e+01
-4.220000e+00  -1.004968e+01
-4.210000e+00  -1.001007e+01
-4.200000e+00  -9.970457e+00
-4.190000e+00  -9.930848e+00
-4.180000e+00  -9.891237e+00
-4.170000e+00  -9.851628e+00
-4.160000e+00  -9.812016e+00
-4.150000e+00  -9.772408e+00
-4.140000e+00  -9.732797e+00
-4.130000e+00  -9.693188e+00
-4.120000e+00  -9.653577e+00
-4.110000e+00  -9.613967e+00
-4.100000e+00  -9.574356e+00
-4.090000e+00  -9.534747e+00
-4.080000e+00  -9.495135e+00
-4.070000e+00  -9.455527e+00
-4.060000e+00  -9.415915e+00
-4.050000e+00  -9.376307e+00
-4.040000e+00  -9.336696e+00
-4.030000e+00  -9.297088e+00
-4.020000e+00  -9.257477e+00
-4.010000e+00  -9.217868e+00
-4.000000e+00  -9.178257e+00
-3.990000e+00  -9.138648e+00
-3.980000e+00  -9.099037e+00
-3.970000e+00  -9.059438e+00
-3.960000e+00  -9.019847e+00
-3.950000e+00  -8.980233e+00
-3.940000e+00  -8.940632e+00
-3.930000e+00  -8.901020e+00
-3.920000e+00  -8.861411e+00
-3.910000e+00  -8.821820e+00
-3.900000e+00  -8.782207e+00
-3.890000e+00  -8.742596e+00
-3.880000e+00  -8.703000e+00
-3.870000e+00  -8.663420e+00
-3.860000e+00  -8.623792e+00
-3.850000e+00  -8.584188e+00
-3.840000e+00  -8.544602e+00
-3.830000e+00  -8.505000e+00
-3.820000e+00  -8.465407e+00
-3.810000e+00  -8.425820e+00
-3.800000e+00  -8.386196e+00
-3.790000e+00  -8.346601e+00
-3.780000e+00  -8.307024e+00
-3.770000e+00  -8.267407e+00
-3.760000e+00  -8.227818e+00
-3.750000e+00  -8.188210e+00
-3.740000e+00  -8.148629e+00
-3.730000e+00  -8.109021e+00
-3.720000e+00  -8.069447e+00
-3.710000e+00  -8.029850e+00
-3.700000e+00  -7.990261e+00
-3.690000e+00  -7.950665e+00
-3.680000e+00  -7.911078e+00
-3.670000e+00  -7.871481e+00
-3.660000e+00  -7.831901e+00
-3.650000e+00  -7.792295e+00
-3.640000e+00  -7.752744e+00
-3.630000e+00  -7.713151e+00
-3.620000e+00  -7.673556e+00
-3.610000e+00  -7.633962e+00
-3.600000e+00  -7.594397e+00
-3.590000e+00  -7.554825e+00
-3.580000e+00  -7.515244e+00
-3.570000e+00  -7.475663e+00
-3.560000e+00  -7.436087e+00
-3.550000e+00  -7.396515e+00
-3.540000e+00  -7.356940e+00
-3.530000e+00  -7.317380e+00
-3.520000e+00  -7.277820e+00
-3.510000e+00  -7.238246e+00
-3.500000e+00  -7.198667e+00
-3.490000e+00  -7.159108e+00
-3.480000e+00  -7.119542e+00
-3.470000e+00  -7.080003e+00
-3.460000e+00  -7.040429e+00
-3.450000e+00  -7.000886e+00
-3.440000e+00  -6.961340e+00
-3.430000e+00  -6.921793e+00
-3.420000e+00  -6.882248e+00
-3.410000e+00  -6.842704e+00
-3.400000e+00  -6.803174e+00
-3.390000e+00  -6.763631e+00
-3.380000e+00  -6.724106e+00
-3.370000e+00  -6.684580e+00
-3.360000e+00  -6.645048e+00
-3.350000e+00  -6.605522e+00
-3.340000e+00  -6.566007e+00
-3.330000e+00  -6.526488e+00
-3.320000e+00  -6.486977e+00
-3.310000e+00  -6.447478e+00
-3.300000e+00  -6.407971e+00
-3.290000e+00  -6.368477e+00
-3.280000e+00  -6.328983e+00
-3.270000e+00  -6.289507e+00
-3.260000e+00  -6.250020e+00
-3.250000e+00  -6.210546e+00
-3.240000e+00  -6.171068e+00
-3.230000e+00  -6.131599e+00
-3.220000e+00  -6.092143e+00
-3.210000e+00  -6.052697e+00
-3.200000e+00  -6.013237e+00
-3.190000e+00  -5.973804e+00
-3.180000e+00  -5.934364e+00
-3.170000e+00  -5.894941e+00
-3.160000e+00  -5.855523e+00
-3.150000e+00  -5.816105e+00
-3.140000e+00  -5.776700e+00
-3.130000e+00  -5.737303e+00
-3.120000e+00  -5.697914e+00
-3.110000e+00  -5.658534e+00
-3.100000e+00  -5.619158e+00
-3.090000e+00  -5.579793e+00
-3.080000e+00  -5.540436e+00
-3.070000e+00  -5.501083e+00
-3.060000e+00  -5.461751e+00
-3.050000e+00  -5.422429e+00
-3.040000e+00  -5.383105e+00
-3.030000e+00  -5.343798e+00
-3.020000e+00  -5.304504e+00
-3.010000e+00  -5.265225e+00
-3.000000e+00  -5.225953e+00
-2.990000e+00  -5.186693e+00
-2.980000e+00  -5.147430e+00
-2.970000e+00  -5.108206e+00
-2.960000e+00  -5.068973e+00
-2.950000e+00  -5.029772e+00
-2.940000e+00  -4.990566e+00
-2.930000e+00  -4.951394e+00
-2.920000e+00  -4.912203e+00
-2.910000e+00  -4.873063e+00
-2.900000e+00  -4.833941e+00
-2.890000e+00  -4.794814e+00
-2.880000e+00  -4.755698e+00
-2.870000e+00  -4.716624e+00
-2.860000e+00  -4.677541e+00
-2.850000e+00  -4.638476e+00
-2.840000e+00  -4.599443e+00
-2.830000e+00  -4.560440e+00
-2.820000e+00  -4.521427e+00
-2.810000e+00  -4.482453e+00
-2.800000e+00  -4.443501e+00
-2.790000e+00  -4.404560e+00
-2.780000e+00  -4.365648e+00
-2.770000e+00  -4.326751e+00
-2.760000e+00  -4.287889e+00
-2.750000e+00  -4.249028e+00
-2.740000e+00  -4.210192e+00
-2.730000e+00  -4.171414e+00
-2.720000e+00  -4.132652e+00
-2.710000e+00  -4.093900e+00
-2.700000e+00  -4.055167e+00
-2.690000e+00  -4.016479e+00
-2.680000e+00  -3.977785e+00
-2.670000e+00  -3.939168e+00
-2.660000e+00  -3.900551e+00
-2.650000e+00  -3.861976e+00
-2.640000e+00  -3.823426e+00
-2.630000e+00  -3.784912e+00
-2.620000e+00  -3.746453e+00
-2.610000e+00  -3.708001e+00
-2.600000e+00  -3.669566e+00
-2.590000e+00  -3.631197e+00
-2.580000e+00  -3.592866e+00
-2.570000e+00  -3.554539e+00
-2.560000e+00  -3.516281e+00
-2.550000e+00  -3.478045e+00
-2.540000e+00  -3.439847e+00
-2.530000e+00  -3.401718e+00
-2.520000e+00  -3.363597e+00
-2.510000e+00  -3.325537e+00
-2.500000e+00  -3.287515e+00
-2.490000e+00  -3.249553e+00
-2.480000e+00  -3.211594e+00
-2.470000e+00  -3.173710e+00
-2.460000e+00  -3.135881e+00
-2.450000e+00  -3.098100e+00
-2.440000e+00  -3.060354e+00
-2.430000e+00  -3.022670e+00
-2.420000e+00  -2.985047e+00
-2.410000e+00  -2.947463e+00
-2.400000e+00  -2.909931e+00
-2.390000e+00  -2.872462e+00
-2.380000e+00  -2.835042e+00
-2.370000e+00  -2.797697e+00
-2.360000e+00  -2.760398e+00
-2.350000e+00  -2.723174e+00
-2.340000e+00  -2.686003e+00
-2.330000e+00  -2.648886e+00
-2.320000e+00  -2.611851e+00
-2.310000e+00  -2.574878e+00
-2.300000e+00  -2.537959e+00
-2.290000e+00  -2.501141e+00
-2.280000e+00  -2.464368e+00
-2.270000e+00  -2.427665e+00
-2.260000e+00  -2.391057e+00
-2.250000e+00  -2.354512e+00
-2.240000e+00  -2.318041e+00
-2.230000e+00  -2.281655e+00
-2.220000e+00  -2.245355e+00
-2.210000e+00  -2.209127e+00
-2.200000e+00  -2.172986e+00
-2.190000e+00  -2.136938e+00
-2.180000e+00  -2.100984e+00
-2.170000e+00  -2.065110e+00
-2.160000e+00  -2.029327e+00
-2.150000e+00  -1.993644e+00
-2.140000e+00  -1.958052e+00
-2.130000e+00  -1.922566e+00
-2.120000e+00  -1.887177e+00
-2.110000e+00  -1.851890e+00
-2.100000e+00  -1.816705e+00
-2.090000e+00  -1.781630e+00
-2.080000e+00  -1.746672e+00
-2.070000e+00  -1.711827e+00
-2.060000e+00  -1.677103e+00
-2.050000e+00  -1.642486e+00
-2.040000e+00  -1.607991e+00
-2.030000e+00  -1.573626e+00
-2.020000e+00  -1.539387e+00
-2.010000e+00  -1.505276e+00
-2.000000e+00  -1.471295e+00
-1.990000e+00  -1.437453e+00
-1.980000e+00  -1.403756e+00
-1.970000e+00  -1.370212e+00
-1.960000e+00  -1.336799e+00
-1.950000e+00  -1.303555e+00
-1.940000e+00  -1.270446e+00
-1.930000e+00  -1.237513e+00
-1.920000e+00  -1.204722e+00
-1.910000e+00  -1.172129e+00
-1.900000e+00  -1.139688e+00
-1.890000e+00  -1.107421e+00
-1.880000e+00  -1.075348e+00
-1.870000e+00  -1.043456e+00
-1.860000e+00  -1.011759e+00
-1.850000e+00  -9.802519e-01
-1.840000e+00  -9.489416e-01
-1.830000e+00  -9.178509e-01
-1.820000e+00  -8.869683e-01
-1.810000e+00  -8.562968e-01
-1.800000e+00  -8.258616e-01
-1.790000e+00  -7.956449e-01
-1.780000e+00  -7.656678e-01
-1.770000e+00  -7.359335e-01
-1.760000e+00  -7.064397e-01
-1.750000e+00  -6.772091e-01
-1.740000e+00  -6.482379e-01
-1.730000e+00  -6.195295e-01
-1.720000e+00  -5.910903e-01
-1.710000e+00  -5.629402e-01
-1.700000e+00  -5.350586e-01
-1.690000e+00  -5.074860e-01
-1.680000e+00  -4.801994e-01
-1.670000e+00  -4.532153e-01
-1.660000e+00  -4.265411e-01
-1.650000e+00  -4.001763e-01
-1.640000e+00  -3.741377e-01
-1.630000e+00  -3.484015e-01
-1.620000e+00  -3.230044e-01
-1.610000e+00  -2.979324e-01
-1.600000e+00  -2.731839e-01
-1.590000e+00  -2.487846e-01
-1.580000e+00  -2.247084e-01
-1.570000e+00  -2.009540e-01
-1.560000e+00  -1.775398e-01
-1.550000e+00  -1.544383e-01
-1.540000e+00  -1.316567e-01
-1.530000e+00  -1.091934e-01
-1.520000e+00  -8.703782e-02
-1.510000e+00  -6.516558e-02
-1.500000e+00  -4.356613e-02
-1.490000e+00  -2.222763e-02
-1.480000e+00  -1.130685e-03
-1.470000e+00  1.973976e-02
-1.460000e+00  4.040664e-02
-1.450000e+00  6.088982e-02
-1.440000e+00  8.121650e-02
-1.430000e+00  1.013818e-01
-1.420000e+00  1.214505e-01
-1.410000e+00  1.414503e-01
-1.400000e+00  1.614109e-01
-1.390000e+00  1.813927e-01
-1.380000e+00  2.014767e-01
-1.370000e+00  2.216987e-01
-1.360000e+00  2.420836e-01
-1.350000e+00  2.627001e-01
-1.340000e+00  2.835302e-01
-1.330000e+00  3.046320e-01
-1.320000e+00  3.260174e-01
-1.310000e+00  3.476636e-01
-1.300000e+00  3.695907e-01
-1.290000e+00  3.917846e-01
-1.280000e+00  4.141912e-01
-1.270000e+00  4.368064e-01
-1.260000e+00  4.596017e-01
-1.250000e+00  4.825827e-01
-1.240000e+00  5.057841e-01
-1.230000e+00  5.291889e-01
-1.220000e+00  5.527022e-01
-1.210000e+00  5.761170e-01
-1.200000e+00  5.992591e-01
-1.190000e+00  6.219866e-01
-1.180000e+00  6.441937e-01
-1.170000e+00  6.658081e-01
-1.160000e+00  6.867891e-01
-1.150000e+00  7.069833e-01
-1.140000e+00  7.263303e-01
-1.130000e+00  7.446942e-01
-1.120000e+00  7.620374e-01
-1.110000e+00  7.783378e-01
-1.100000e+00  7.936108e-01
-1.090000e+00  8.078753e-01
-1.080000e+00  8.211939e-01
-1.070000e+00  8.336750e-01
-1.060000e+00  8.454776e-01
-1.050000e+00  8.567632e-01
-1.040000e+00  8.677549e-01
-1.030000e+00  8.787120e-01
-1.020000e+00  8.899053e-01
-1.010000e+00  9.016677e-01
-1.000000e+00  9.142713e-01
-9.900001e-01  9.280313e-01
-9.800001e-01  9.430833e-01
-9.700001e-01  9.595476e-01
-9.600001e-01  9.774237e-01
-9.500001e-01  9.966066e-01
-9.400001e-01  1.016816e+00
-9.300001e-01  1.037776e+00
-9.200001e-01  1.059099e+00
-9.100001e-01  1.080246e+00
-9.000001e-01  1.100633e+00
-8.900001e-01  1.119740e+00
-8.800001e-01  1.137030e+00
-8.700001e-01  1.152178e+00
-8.600001e-01  1.165096e+00
-8.500001e-01  1.175933e+00
-8.400001e-01  1.184987e+00
-8.300001e-01  1.192758e+00
-8.200001e-01  1.199819e+00
-8.100001e-01  1.206810e+00
-8.000001e-01  1.214549e+00
-7.900001e-01  1.223902e+00
-7.800001e-01  1.235485e+00
-7.700001e-01  1.249690e+00
-7.600001e-01  1.266188e+00
-7.500001e-01  1.284394e+00
-7.400001e-01  1.303323e+00
-7.300001e-01  1.322013e+00
-7.200001e-01  1.339458e+00
-7.100001e-01  1.354843e+00
-7.000001e-01  1.367550e+00
-6.900001e-01  1.377484e+00
-6.800001e-01  1.385122e+00
-6.700001e-01  1.391533e+00
-6.600001e-01  1.397784e+00
-6.500001e-01  1.405297e+00
-6.400001e-01  1.415030e+00
-6.300001e-01  1.427408e+00
-6.200001e-01  1.442167e+00
-6.100001e-01  1.458089e+00
-6.000001e-01  1.473872e+00
-5.900001e-01  1.488140e+00
-5.800001e-01  1.500126e+00
-5.700001e-01  1.509584e+00
-5.600001e-01  1.517143e+00
-5.500001e-01  1.524045e+00
-5.400001e-01  1.531794e+00
-5.300002e-01  1.541386e+00
-5.200001e-01  1.552975e+00
-5.100001e-01  1.565944e+00
-5.000001e-01  1.579172e+00
-4.900001e-01  1.591141e+00
-4.800001e-01  1.601265e+00
-4.700001e-01  1.609667e+00
-4.600001e-01  1.617469e+00
-4.500001e-01  1.625750e+00
-4.400001e-01  1.635281e+00
-4.300001e-01  1.646064e+00
-4.200001e-01  1.657241e+00
-4.100001e-01  1.667867e+00
-4.000001e-01  1.677262e+00
-3.900001e-01  1.685705e+00
-3.800001e-01  1.693924e+00
-3.700001e-01  1.702870e+00
-3.600001e-01  1.712368e+00
-3.500001e-01  1.721808e+00
-3.400001e-01  1.731058e+00
-3.300001e-01  1.740164e+00
-3.200001e-01  1.749094e+00
-3.100001e-01  1.757925e+00
-3.000001e-01  1.766630e+00
-2.900001e-01  1.775216e+00
-2.800001e-01  1.783739e+00
-2.700001e-01  1.792191e+00
-2.600001e-01  1.800581e+00
-2.500001e-01  1.808913e+00
-2.400001e-01  1.817212e+00
-2.300001e-01  1.825452e+00
-2.200001e-01  1.833659e+00
-2.100001e-01  1.841806e+00
-2.000001e-01  1.849884e+00
-1.900001e-01  1.857918e+00
-1.800001e-01  1.865867e+00
-1.700001e-01  1.873779e+00
-1.600001e-01  1.881623e+00
-1.500001e-01  1.889394e+00
-1.400001e-01  1.897106e+00
-1.300001e-01  1.904755e+00
-1.200001e-01  1.912336e+00
-1.100001e-01  1.919872e+00
-1.000001e-01  1.927340e+00
-9.000013e-02  1.934775e+00
-8.000013e-02  1.942136e+00
-7.000013e-02  1.949425e+00
-6.000013e-02  1.956704e+00
-5.000013e-02  1.963895e+00
-4.000013e-02  1.971054e+00
-3.000013e-02  1.978156e+00
-2.000013e-02  1.985210e+00
-1.000013e-02  1.992200e+00
-1.341105e-07  1.999167e+00
9.999866e-03  2.006050e+00
1.999987e-02  2.012901e+00
2.999987e-02  2.019675e+00
3.999986e-02  2.026468e+00
4.999986e-02  2.033161e+00
5.999986e-02  2.039786e+00
6.999987e-02  2.046432e+00
7.999986e-02  2.052973e+00
8.999986e-02  2.059548e+00
9.999986e-02  2.066023e+00
1.099999e-01  2.072426e+00
1.199999e-01  2.078803e+00
1.299999e-01  2.085186e+00
1.399999e-01  2.091459e+00
1.499999e-01  2.097718e+00
1.599999e-01  2.103887e+00
1.699999e-01  2.110104e+00
1.799999e-01  2.116210e+00
1.899999e-01  2.122301e+00
1.999999e-01  2.128337e+00
2.099999e-01  2.134369e+00
2.199999e-01  2.140323e+00
2.299999e-01  2.146295e+00
2.399999e-01  2.152173e+00
2.499999e-01  2.158028e+00
2.599999e-01  2.163826e+00
2.699999e-01  2.169609e+00
2.799999e-01  2.175344e+00
2.899999e-01  2.181047e+00
2.999999e-01  2.186668e+00
3.099999e-01  2.192320e+00
3.199999e-01  2.197927e+00
3.299999e-01  2.203476e+00
3.399999e-01  2.208982e+00
3.499998e-01  2.214450e+00
3.599999e-01  2.219915e+00
3.699999e-01  2.225327e+00
3.799998e-01  2.230726e+00
3.899999e-01  2.236062e+00
3.999999e-01  2.241382e+00
4.099998e-01  2.246642e+00
4.199999e-01  2.251908e+00
4.299999e-01  2.257138e+00
4.399998e-01  2.262347e+00
4.499999e-01  2.267487e+00
4.599999e-01  2.272620e+00
4.699998e-01  2.277722e+00
4.799998e-01  2.282763e+00
4.899999e-01  2.287804e+00
4.999999e-01  2.292799e+00
5.099999e-01  2.297782e+00
5.199999e-01  2.302724e+00
5.299999e-01  2.307630e+00
5.399998e-01  2.312535e+00
5.499998e-01  2.317359e+00
5.599998e-01  2.322217e+00
5.699999e-01  2.326999e+00
5.799999e-01  2.331775e+00
5.899999e-01  2.336508e+00
5.999998e-01  2.341234e+00
6.099998e-01  2.345932e+00
6.199998e-01  2.350582e+00
6.299999e-01  2.355231e+00
6.399999e-01  2.359835e+00
6.499999e-01  2.364413e+00
6.599998e-01  2.368967e+00
6.699998e-01  2.373506e+00
6.799998e-01  2.378009e+00
6.899999e-01  2.382496e+00
6.999999e-01  2.386933e+00
7.099999e-01  2.391366e+00
7.199998e-01  2.395787e+00
7.299998e-01  2.400158e+00
7.399998e-01  2.404514e+00
7.499998e-01  2.408851e+00
7.599999e-01  2.413158e+00
7.699999e-01  2.417448e+00
7.799999e-01  2.421697e+00
7.899998e-01  2.425956e+00
7.999998e-01  2.430165e+00
8.099998e-01  2.434362e+00
8.199999e-01  2.438534e+00
8.299999e-01  2.442687e+00
8.399999e-01  2.446820e+00
8.499998e-01  2.450919e+00
8.599998e-01  2.454998e+00
8.699998e-01  2.459068e+00
8.799999e-01  2.463111e+00
8.899999e-01  2.467139e+00
8.999999e-01  2.471128e+00
9.099998e-01  2.475110e+00
9.199998e-01  2.479063e+00
9.299998e-01  2.482999e+00
9.399998e-01  2.486912e+00
9.499999e-01  2.490822e+00
9.599999e-01  2.494689e+00
9.699998e-01  2.498552e+00
9.799998e-01  2.502392e+00
9.899998e-01  2.506202e+00
9.999998e-01  2.510008e+00
1.010000e+00  2.513780e+00
1.020000e+00  2.517623e+00
1.030000e+00  2.521431e+00
1.040000e+00  2.525158e+00
1.050000e+00  2.528865e+00
1.060000e+00  2.532579e+00
1.070000e+00  2.536241e+00
1.080000e+00  2.539926e+00
1.090000e+00  2.543631e+00
1.100000e+00  2.547219e+00
1.110000e+00  2.550855e+00
1.120000e+00  2.554392e+00
1.130000e+00  2.557960e+00
1.140000e+00  2.561541e+00
1.150000e+00  2.565036e+00
1.160000e+00  2.568557e+00
1.170000e+00  2.572060e+00
1.180000e+00  2.575520e+00
1.190000e+00  2.578965e+00
1.200000e+00  2.582382e+00
1.210000e+00  2.585780e+00
1.220000e+00  2.589181e+00
1.230000e+00  2.592587e+00
1.240000e+00  2.595926e+00
1.250000e+00  2.599248e+00
1.260000e+00  2.602585e+00
1.270000e+00  2.605871e+00
1.280000e+00  2.609130e+00
1.290000e+00  2.612407e+00
1.300000e+00  2.615659e+00
1.310000e+00  2.618867e+00
1.320000e+00  2.622088e+00
1.330000e+00  2.625296e+00
1.340000e+00  2.628481e+00
1.350000e+00  2.631611e+00
1.360000e+00  2.634763e+00
1.370000e+00  2.637888e+00
1.380000e+00  2.640988e+00
1.390000e+00  2.644100e+00
1.400000e+00  2.647171e+00
1.410000e+00  2.650239e+00
1.420000e+00  2.653261e+00
1.430000e+00  2.656305e+00
1.440000e+00  2.659315e+00
1.450000e+00  2.662299e+00
1.460000e+00  2.665282e+00
1.470000e+00  2.668253e+00
1.480000e+00  2.671199e+00
1.490000e+00  2.674125e+00
1.500000e+00  2.677055e+00
1.510000e+00  2.679956e+00
1.520000e+00  2.682843e+00
1.530000e+00  2.685703e+00
1.540000e+00  2.688560e+00
1.550000e+00  2.691409e+00
1.560000e+00  2.694254e+00
1.570000e+00  2.697053e+00
1.580000e+00  2.699867e+00
1.590000e+00  2.702657e+00
1.600000e+00  2.705423e+00
1.610000e+00  2.708185e+00
1.620000e+00  2.710932e+00
1.630000e+00  2.713666e+00
1.640000e+00  2.716377e+00
1.650000e+00  2.719086e+00
1.660000e+00  2.721782e+00
1.670000e+00  2.724460e+00
1.680000e+00  2.727127e+00
1.690000e+00  2.729780e+00
1.700000e+00  2.732424e+00
1.710000e+00  2.735054e+00
1.720000e+00  2.737667e+00
1.730000e+00  2.740270e+00
1.740000e+00  2.742865e+00
1.750000e+00  2.745448e+00
1.760000e+00  2.748018e+00
1.770000e+00  2.750575e+00
1.780000e+00  2.753122e+00
1.790000e+00  2.755657e+00
1.800000e+00  2.758179e+00
1.810000e+00  2.760695e+00
1.820000e+00  2.763196e+00
1.830000e+00  2.765694e+00
1.840000e+00  2.768176e+00
1.850000e+00  2.770646e+00
1.860000e+00  2.773109e+00
1.870000e+00  2.775564e+00
1.880000e+00  2.778006e+00
1.890000e+00  2.780443e+00
1.900000e+00  2.782872e+00
1.910000e+00  2.785291e+00
1.920000e+00  2.787699e+00
1.930000e+00  2.790103e+00
1.940000e+00  2.792498e+00
1.950000e+00  2.794887e+00
1.960000e+00  2.797268e+00
1.970000e+00  2.799644e+00
1.980000e+00  2.802012e+00
1.990000e+00  2.804376e+00
2.000000e+00  2.806735e+00
2.010000e+00  2.809101e+00
2.020000e+00  2.811459e+00
2.030000e+00  2.813807e+00
2.040000e+00  2.816148e+00
2.050000e+00  2.818480e+00
2.060000e+00  2.820803e+00
2.070000e+00  2.823118e+00
2.080000e+00  2.825425e+00
2.090000e+00  2.827723e+00
2.100000e+00  2.830013e+00
2.110000e+00  2.832295e+00
2.120000e+00  2.834569e+00
2.130000e+00  2.836834e+00
2.140000e+00  2.839092e+00
2.150000e+00  2.841341e+00
2.160000e+00  2.843582e+00
2.170000e+00  2.845816e+00
2.180000e+00  2.848042e+00
2.190000e+00  2.850260e+00
2.200000e+00  2.852470e+00
2.210000e+00  2.854672e+00
2.220000e+00  2.856867e+00
2.230000e+00  2.859054e+00
2.240000e+00  2.861233e+00
2.250000e+00  2.863405e+00
2.260000e+00  2.865570e+00
2.270000e+00  2.867727e+00
2.280000e+00  2.869876e+00
2.290000e+00  2.872018e+00
2.300000e+00  2.874153e+00
2.310000e+00  2.876280e+00
2.320000e+00  2.878400e+00
2.330000e+00  2.880513e+00
2.340000e+00  2.882619e+00
2.350000e+00  2.884718e+00
2.360000e+00  2.886809e+00
2.370000e+00  2.888894e+00
2.380000e+00  2.890971e+00
2.390000e+00  2.893042e+00
2.400000e+00  2.895106e+00
2.410000e+00  2.897162e+00
2.420000e+00  2.899212e+00
2.430000e+00  2.901255e+00
2.440000e+00  2.903292e+00
2.450000e+00  2.905321e+00
2.460000e+00  2.907344e+00
2.470000e+00  2.909360e+00
2.480000e+00  2.911370e+00
2.490000e+00  2.913373e+00
2.500000e+00  2.915369e+00
2.510000e+00  2.917359e+00
2.520000e+00  2.919342e+00
2.530000e+00  2.921319e+00
2.540000e+00  2.923289e+00
2.550000e+00  2.925254e+00
2.560000e+00  2.927212e+00
2.570000e+00  2.929163e+00
2.580000e+00  2.931108e+00
2.590000e+00  2.933047e+00
2.600000e+00  2.934979e+00
2.610000e+00  2.936906e+00
2.620000e+00  2.938826e+00
2.630000e+00  2.940741e+00
2.640000e+00  2.942649e+00
2.650000e+00  2.944551e+00
2.660000e+00  2.946447e+00
2.670000e+00  2.948337e+00
2.680000e+00  2.950221e+00
2.690000e+00  2.952099e+00
2.700000e+00  2.953972e+00
2.710000e+00  2.955838e+00
2.720000e+00  2.957699e+00
2.730000e+00  2.959553e+00
2.740000e+00  2.961402e+00
2.750000e+00  2.963246e+00
2.760000e+00  2.965083e+00
2.770000e+00  2.966915e+00
2.780000e+00  2.968741e+00
2.790000e+00  2.970562e+00
2.800000e+00  2.972377e+00
2.810000e+00  2.974186e+00
2.820000e+00  2.975990e+00
2.830000e+00  2.977788e+00
2.840000e+00  2.979581e+00
2.850000e+00  2.981369e+00
2.860000e+00  2.983150e+00
2.870000e+00  2.984927e+00
2.880000e+00  2.986698e+00
2.890000e+00  2.988464e+00
2.900000e+00  2.990225e+00
2.910000e+00  2.991980e+00
2.920000e+00  2.993729e+00
2.930000e+00  2.995474e+00
2.940000e+00  2.997214e+00
2.950000e+00  2.998948e+00
2.960000e+00  3.000677e+00
2.970000e+00  3.002401e+00
2.980000e+00  3.004119e+00
2.990000e+00  3.005833e+00
3.000000e+00  3.007542e+00
3.010000e+00  3.009245e+00
3.020000e+00  3.010944e+00
3.030000e+00  3.012637e+00
3.040000e+00  3.014326e+00
3.050000e+00  3.016009e+00
3.060000e+00  3.017688e+00
3.070000e+00  3.019361e+00
3.080000e+00  3.021030e+00
3.090000e+00  3.022694e+00
3.100000e+00  3.024354e+00
3.110000e+00  3.026008e+00
3.120000e+00  3.027657e+00
3.130000e+00  3.029302e+00
3.140000e+00  3.030942e+00
3.150000e+00  3.032578e+00
3.160000e+00  3.034208e+00
3.170000e+00  3.035834e+00
3.180000e+00  3.037455e+00
3.190000e+00  3.039072e+00
3.200000e+00  3.040684e+00
3.210000e+00  3.042291e+00
3.220000e+00  3.043894e+00
3.230000e+00  3.045492e+00
3.240000e+00  3.047086e+00
3.250000e+00  3.048675e+00
3.260000e+00  3.050259e+00
3.270000e+00  3.051840e+00
3.280000e+00  3.053416e+00
3.290000e+00  3.054987e+00
3.300000e+00  3.056554e+00
3.310000e+00  3.058116e+00
3.320000e+00  3.059675e+00
3.330000e+00  3.061228e+00
3.340000e+00  3.062778e+00
3.350000e+00  3.064323e+00
3.360000e+00  3.065864e+00
3.370000e+00  3.067400e+00
3.380000e+00  3.068933e+00
3.390000e+00  3.070461e+00
3.400000e+00  3.071985e+00
3.410000e+00  3.073504e+00
3.420000e+00  3.075020e+00
3.430000e+00  3.076531e+00
3.440000e+00  3.078038e+00
3.450000e+00  3.079541e+00
3.460000e+00  3.081040e+00
3.470000e+00  3.082535e+00
3.480000e+00  3.084026e+00
3.490000e+00  3.085512e+00
3.500000e+00  3.086995e+00
3.510000e+00  3.088474e+00
3.520000e+00  3.089948e+00
3.530000e+00  3.091419e+00
3.540000e+00  3.092885e+00
3.550000e+00  3.094348e+00
3.560000e+00  3.095807e+00
3.570000e+00  3.097262e+00
3.580000e+00  3.098713e+00
3.590000e+00  3.100160e+00
3.600000e+00  3.101603e+00
3.610000e+00  3.103042e+00
3.620000e+00  3.104478e+00
3.630000e+00  3.105909e+00
3.640000e+00  3.107337e+00
3.650000e+00  3.108761e+00
3.660000e+00  3.110182e+00
3.670000e+00  3.111598e+00
3.680000e+00  3.113011e+00
3.690000e+00  3.114420e+00
3.700000e+00  3.115825e+00
3.710000e+00  3.117227e+00
3.720000e+00  3.118625e+00
3.730000e+00  3.120019e+00
3.740000e+00  3.121410e+00
3.750000e+00  3.122797e+00
3.760000e+00  3.124180e+00
3.770000e+00  3.125560e+00
3.780000e+00  3.126936e+00
3.790000e+00  3.128309e+00
3.800000e+00  3.129678e+00
3.810000e+00  3.131043e+00
3.820000e+00  3.132405e+00
3.830000e+00  3.133763e+00
3.840000e+00  3.135118e+00
3.850000e+00  3.136470e+00
3.860000e+00  3.137818e+00
3.870000e+00  3.139162e+00
3.880000e+00  3.140503e+00
3.890000e+00  3.141840e+00
3.900000e+00  3.143175e+00
3.910000e+00  3.144505e+00
3.920000e+00  3.145833e+00
3.930000e+00  3.147156e+00
3.940000e+00  3.148477e+00
3.950000e+00  3.149794e+00
3.960000e+00  3.151108e+00
3.970000e+00  3.152419e+00
3.980000e+00  3.153726e+00
3.990000e+00  3.155030e+00
4.000000e+00  3.156330e+00
4.010000e+00  3.157628e+00
4.020000e+00  3.158922e+00
4.030000e+00  3.160213e+00
4.040000e+00  3.161500e+00
4.050000e+00  3.162785e+00
4.060000e+00  3.164066e+00
4.070000e+00  3.165344e+00
4.080000e+00  3.166619e+00
4.090000e+00  3.167890e+00
4.100000e+00  3.169158e+00
4.110000e+00  3.170424e+00
4.120000e+00  3.171686e+00
4.130000e+00  3.172945e+00
4.140000e+00  3.174200e+00
4.150000e+00  3.175453e+00
4.160000e+00  3.176703e+00
4.170000e+00  3.177949e+00
4.180000e+00  3.179193e+00
4.190000e+00  3.180433e+00
4.200000e+00  3.181670e+00
4.210000e+00  3.182905e+00
4.220000e+00  3.184136e+00
4.230000e+00  3.185364e+00
4.240000e+00  3.186590e+00
4.250000e+00  3.187812e+00
4.260000e+00  3.189031e+00
4.270000e+00  3.190247e+00
4.280000e+00  3.191461e+00
4.290000e+00  3.192671e+00
4.300000e+00  3.193878e+00
4.310000e+00  3.195083e+00
4.320000e+00  3.196285e+00
4.330000e+00  3.197484e+00
4.340000e+00  3.198679e+00
4.350000e+00  3.199872e+00
4.360000e+00  3.201062e+00
4.370000e+00  3.202250e+00
4.380000e+00  3.203434e+00
4.390000e+00  3.204615e+00
4.400000e+00  3.205794e+00
4.410000e+00  3.206970e+00
4.420000e+00  3.208143e+00
4.430000e+00  3.209313e+00
4.440000e+00  3.210480e+00
4.450000e+00  3.211645e+00
4.460000e+00  3.212807e+00
4.470000e+00  3.213966e+00
4.480000e+00  3.215122e+00
4.490000e+00  3.216276e+00
4.500000e+00  3.217427e+00
4.510000e+00  3.218575e+00
4.520000e+00  3.219720e+00
4.530000e+00  3.220863e+00
4.540000e+00  3.222003e+00
4.550000e+00  3.223140e+00
4.560000e+00  3.224275e+00
4.570000e+00  3.225407e+00
4.580000e+00  3.226536e+00
4.590000e+00  3.227663e+00
4.600000e+00  3.228787e+00
4.610000e+00  3.229908e+00
4.620000e+00  3.231027e+00
4.630000e+00  3.232143e+00
4.640000e+00  3.233257e+00
4.650000e+00  3.234368e+00
4.660000e+00  3.235476e+00
4.670000e+00  3.236582e+00
4.680000e+00  3.237685e+00
4.690000e+00  3.238786e+00
4.700000e+00  3.239884e+00
4.710000e+00  3.240979e+00
4.720000e+00  3.242073e+00
4.730000e+00  3.243163e+00
4.740000e+00  3.244251e+00
4.750000e+00  3.245337e+00
4.760000e+00  3.246420e+00
4.770000e+00  3.247500e+00
4.780000e+00  3.248578e+00
4.790000e+00  3.249654e+00
4.800000e+00  3.250727e+00
4.810000e+00  3.251797e+00
4.820000e+00  3.252866e+00
4.830000e+00  3.253932e+00
4.840000e+00  3.254995e+00
4.850000e+00  3.256056e+00
4.860000e+00  3.257114e+00
4.870000e+00  3.258170e+00
4.880000e+00  3.259224e+00
4.890000e+00  3.260275e+00
4.900000e+00  3.261324e+00
4.910000e+00  3.262370e+00
4.920000e+00  3.263415e+00
4.930000e+00  3.264457e+00
4.940000e+00  3.265496e+00
4.950000e+00  3.266533e+00
4.960000e+00  3.267568e+00
4.970000e+00  3.268600e+00
4.980000e+00  3.269630e+00
4.990000e+00  3.270658e+00
5.000000e+00  3.271683e+00
5.010000e+00  3.272707e+00
5.020000e+00  3.273727e+00
5.030000e+00  3.274746e+00
5.040000e+00  3.275762e+00
5.050000e+00  3.276777e+00
5.060000e+00  3.277788e+00
5.070000e+00  3.278798e+00
5.080000e+00  3.279805e+00
5.090000e+00  3.280810e+00
5.100000e+00  3.281813e+00
5.110000e+00  3.282814e+00
5.120000e+00  3.283812e+00
5.130000e+00  3.284808e+00
5.140000e+00  3.285802e+00
5.150000e+00  3.286794e+00
5.160000e+00  3.287783e+00
5.170000e+00  3.288770e+00
5.180000e+00  3.289756e+00
5.190000e+00  3.290739e+00
5.200000e+00  3.291720e+00
5.210000e+00  3.292698e+00
5.220000e+00  3.293675e+00
5.230000e+00  3.294649e+00
5.240000e+00  3.295622e+00
5.250000e+00  3.296592e+00
5.260000e+00  3.297559e+00
5.270000e+00  3.298526e+00
5.280000e+00  3.299489e+00
5.290000e+00  3.300451e+00
5.300000e+00  3.301410e+00
5.310000e+00  3.302368e+00
5.320000e+00  3.303324e+00
5.330000e+00  3.304277e+00
5.340000e+00  3.305228e+00
5.350000e+00  3.306177e+00
5.360000e+00  3.307125e+00
5.370000e+00  3.308070e+00
5.380000e+00  3.309013e+00
5.390000e+00  3.309953e+00
5.400000e+00  3.310893e+00
5.410000e+00  3.311830e+00
5.420000e+00  3.312764e+00
5.430000e+00  3.313697e+00
5.440000e+00  3.314628e+00
5.450000e+00  3.315557e+00
5.460000e+00  3.316484e+00
5.470000e+00  3.317409e+00
5.480000e+00  3.318332e+00
5.490000e+00  3.319253e+00
5.500000e+00  3.320172e+00
5.510000e+00  3.321089e+00
5.520000e+00  3.322004e+00
5.530000e+00  3.322917e+00
5.540000e+00  3.323828e+00
5.550000e+00  3.324737e+00
5.560000e+00  3.325644e+00
5.570000e+00  3.326550e+00
5.580000e+00  3.327454e+00
5.590000e+00  3.328355e+00
5.600000e+00  3.329254e+00
5.610000e+00  3.330152e+00
5.620000e+00  3.331048e+00
5.630000e+00  3.331942e+00
5.640000e+00  3.332834e+00
5.650000e+00  3.333724e+00
5.660000e+00  3.334612e+00
5.670000e+00  3.335498e+00
5.680000e+00  3.336383e+00
5.690000e+00  3.337265e+00
5.700000e+00  3.338146e+00
5.710000e+00  3.339025e+00
5.720000e+00  3.339902e+00
5.730000e+00  3.340777e+00
5.740000e+00  3.341650e+00
5.750000e+00  3.342522e+00
5.760000e+00  3.343392e+00
5.770000e+00  3.344260e+00
5.780000e+00  3.345125e+00
5.790000e+00  3.345990e+00
5.800000e+00  3.346852e+00
5.810000e+00  3.347713e+00
5.820000e+00  3.348572e+00
5.830000e+00  3.349429e+00
5.840000e+00  3.350284e+00
5.850000e+00  3.351138e+00
5.860000e+00  3.351990e+00
5.870000e+00  3.352839e+00
5.880000e+00  3.353688e+00
5.890000e+00  3.354534e+00
5.900000e+00  3.355379e+00
5.910000e+00  3.356221e+00
5.920000e+00  3.357063e+00
5.930000e+00  3.357902e+00
5.940000e+00  3.358740e+00
5.950000e+00  3.359576e+00
5.960000e+00  3.360410e+00
5.970000e+00  3.361242e+00
5.980000e+00  3.362073e+00
5.990000e+00  3.362902e+00
6.000000e+00  3.363730e+00
6.010000e+00  3.364555e+00
6.020000e+00  3.365379e+00
6.030000e+00  3.366202e+00
6.040000e+00  3.367022e+00
6.050000e+00  3.367841e+00
6.060000e+00  3.368659e+00
6.070000e+00  3.369474e+00
6.080000e+00  3.370288e+00
6.090000e+00  3.371100e+00
6.100000e+00  3.371911e+00
6.110000e+00  3.372720e+00
6.120000e+00  3.373527e+00
6.130000e+00  3.374333e+00
6.140000e+00  3.375137e+00
6.150000e+00  3.375939e+00
6.160000e+00  3.376740e+00
6.170000e+00  3.377539e+00
6.180000e+00  3.378336e+00
6.190000e+00  3.379132e+00
6.200000e+00  3.379926e+00
6.210000e+00  3.380719e+00
6.220000e+00  3.381510e+00
6.230000e+00  3.382300e+00
6.240000e+00  3.383087e+00
6.250000e+00  3.383873e+00
6.260000e+00  3.384658e+00
6.270000e+00  3.385441e+00
6.280000e+00  3.386223e+00
6.290000e+00  3.387003e+00
6.300000e+00  3.387781e+00
6.310000e+00  3.388558e+00
6.320000e+00  3.389333e+00
6.330000e+00  3.390107e+00
6.340000e+00  3.390879e+00
6.350000e+00  3.391649e+00
6.360000e+00  3.392418e+00
6.370000e+00  3.393186e+00
6.380000e+00  3.393952e+00
6.390000e+00  3.394716e+00
6.400000e+00  3.395479e+00
6.410000e+00  3.396240e+00
6.420000e+00  3.397000e+00
6.430000e+00  3.397758e+00
6.440000e+00  3.398515e+00
6.450000e+00  3.399271e+00
6.460000e+00  3.400024e+00
6.470000e+00  3.400776e+00
6.480000e+00  3.401527e+00
6.490000e+00  3.402277e+00
6.500000e+00  3.403024e+00
6.510000e+00  3.403771e+00
6.520000e+00  3.404516e+00
6.530000e+00  3.405259e+00
6.539999e+00  3.406001e+00
6.550000e+00  3.406741e+00
6.560000e+00  3.407480e+00
6.570000e+00  3.408218e+00
6.580000e+00  3.408954e+00
6.590000e+00  3.409688e+00
6.600000e+00  3.410421e+00
6.610000e+00  3.411153e+00
6.620000e+00  3.411883e+00
6.630000e+00  3.412612e+00
6.640000e+00  3.413339e+00
6.650000e+00  3.414065e+00
6.660000e+00  3.414789e+00
6.670000e+00  3.415513e+00
6.680000e+00  3.416234e+00
6.690000e+00  3.416955e+00
6.700000e+00  3.417673e+00
6.710000e+00  3.418391e+00
6.720000e+00  3.419106e+00
6.730000e+00  3.419821e+00
6.740000e+00  3.420534e+00
6.750000e+00  3.421246e+00
6.760000e+00  3.421957e+00
6.770000e+00  3.422665e+00
6.780000e+00  3.423373e+00
6.789999e+00  3.424079e+00
6.800000e+00  3.424784e+00
6.810000e+00  3.425488e+00
6.820000e+00  3.426190e+00
6.830000e+00  3.426890e+00
6.840000e+00  3.427590e+00
6.850000e+00  3.428288e+00
6.860000e+00  3.428984e+00
6.870000e+00  3.429680e+00
6.880000e+00  3.430373e+00
6.890000e+00  3.431066e+00
6.900000e+00  3.431757e+00
6.910000e+00  3.432447e+00
6.920000e+00  3.433136e+00
6.930000e+00  3.433823e+00
6.940000e+00  3.434509e+00
6.950000e+00  3.435194e+00
6.960000e+00  3.435877e+00
6.970000e+00  3.436559e+00
6.980000e+00  3.437239e+00
6.990000e+00  3.437918e+00
7.000000e+00  3.438596e+00
7.010000e+00  3.439273e+00
7.020000e+00  3.439949e+00
7.030000e+00  3.440623e+00
7.039999e+00  3.441295e+00
7.050000e+00  3.441967e+00
7.060000e+00  3.442637e+00
7.070000e+00  3.443306e+00
7.080000e+00  3.443973e+00
7.090000e+00  3.444640e+00
7.100000e+00  3.445305e+00
7.110000e+00  3.445968e+00
7.120000e+00  3.446631e+00
7.130000e+00  3.447292e+00
7.140000e+00  3.447952e+00
7.150000e+00  3.448611e+00
7.160000e+00  3.449268e+00
7.170000e+00  3.449924e+00
7.180000e+00  3.450579e+00
7.190000e+00  3.451233e+00
7.200000e+00  3.451885e+00
7.210000e+00  3.452536e+00
7.220000e+00  3.453186e+00
7.230000e+00  3.453835e+00
7.240000e+00  3.454482e+00
7.250000e+00  3.455128e+00
7.260000e+00  3.455773e+00
7.270000e+00  3.456417e+00
7.280000e+00  3.457060e+00
7.289999e+00  3.457701e+00
7.300000e+00  3.458341e+00
7.309999e+00  3.458979e+00
7.320000e+00  3.459617e+00
7.330000e+00  3.460253e+00
7.340000e+00  3.460889e+00
7.350000e+00  3.461523e+00
7.360000e+00  3.462156e+00
7.370000e+00  3.462787e+00
7.380000e+00  3.463418e+00
7.390000e+00  3.464047e+00
7.400000e+00  3.464675e+00
7.410000e+00  3.465302e+00
7.420000e+00  3.465927e+00
7.430000e+00  3.466552e+00
7.440000e+00  3.467175e+00
7.450000e+00  3.467797e+00
7.460000e+00  3.468418e+00
7.470000e+00  3.469038e+00
7.480000e+00  3.469656e+00
7.490000e+00  3.470274e+00
7.500000e+00  3.470890e+00
7.510000e+00  3.471505e+00
7.520000e+00  3.472119e+00
7.530000e+00  3.472731e+00
7.539999e+00  3.473343e+00
7.550000e+00  3.473953e+00
7.559999e+00  3.474563e+00
7.570000e+00  3.475171e+00
7.580000e+00  3.475778e+00
7.590000e+00  3.476384e+00
7.600000e+00  3.476989e+00
7.610000e+00  3.477592e+00
7.620000e+00  3.478194e+00
7.630000e+00  3.478796e+00
7.640000e+00  3.479397e+00
7.650000e+00  3.479995e+00
7.660000e+00  3.480593e+00
7.670000e+00  3.481190e+00
7.680000e+00  3.481786e+00
7.690000e+00  3.482381e+00
7.700000e+00  3.482974e+00
7.710000e+00  3.483566e+00
7.720000e+00  3.484157e+00
7.730000e+00  3.484748e+00
7.740000e+00  3.485337e+00
7.750000e+00  3.485924e+00
7.760000e+00  3.486511e+00
7.770000e+00  3.487098e+00
7.780000e+00  3.487682e+00
7.789999e+00  3.488266e+00
7.800000e+00  3.488848e+00
7.809999e+00  3.489429e+00
7.820000e+00  3.490010e+00
7.830000e+00  3.490589e+00
7.840000e+00  3.491167e+00
7.850000e+00  3.491744e+00
7.860000e+00  3.492320e+00
7.870000e+00  3.492895e+00
7.880000e+00  3.493469e+00
7.890000e+00  3.494042e+00
7.900000e+00  3.494614e+00
7.910000e+00  3.495185e+00
7.920000e+00  3.495754e+00
7.930000e+00  3.496322e+00
7.940000e+00  3.496890e+00
7.950000e+00  3.497456e+00
7.960000e+00  3.498022e+00
7.970000e+00  3.498586e+00
7.980000e+00  3.499150e+00
7.990000e+00  3.499712e+00
8.000000e+00  3.500273e+00