# Snapnum, Redshift, Tot SFRD, Cent SFRD, Sat SFRD [Msun/yr (cMpc/h)^-3]
4 10 0.014420929755830904 0.011868884384110786 0.0018900861823524051
6 9 0.019350198729045188 0.01585567374271137 0.002684836518312682
8 8 0.027376699731231777 0.022593880967565597 0.003775851146820335
11 7 0.04849296191690962 0.0417038709456997 0.0056218098009293
13 6 0.09443153243440233 0.08485692647594752 0.00834751602929118
17 5 0.142254885659621 0.12448553662536442 0.016966403972303208
21 4 0.23705821793002915 0.20532725947521865 0.03082727086370262
25 3 0.3374569515306122 0.28017718203352765 0.05669299494351312
33 2 0.40205484693877547 0.3018226129737609 0.0997816372084548
40 1.5 0.3617745763483965 0.2740123451166181 0.08734020818148688
50 1 0.2928924471574344 0.21430327532798832 0.07841668754555393
59 0.7 0.22225177660349854 0.15666710322521865 0.06538276125182216
67 0.5 0.18544415087463553 0.12486358873906704 0.060509987700437314
72 0.4 0.16268940187682213 0.10487172011661808 0.0577961916909621
78 0.3 0.13743048469387756 0.09438692943695334 0.04286691987062682
84 0.2 0.11063662764212828 0.07606681623542273 0.03454173594661079
91 0.1 0.0952740240069242 0.0660687807489067 0.029155310450072882
99 0 0.08008739522594752 0.056064720754373173 0.02401253872084548
