# Snapnum, Redshift, Tot SFRD, Cent SFRD, Sat SFRD [Msun/yr (cMpc/h)^-3]
4 10 3.2563597736604117e-07 3.2563597736604117e-07 0.0
6 9 8.445022093059898e-06 8.367933117037985e-06 7.708947416145501e-08
8 8 6.859090140341841e-05 6.835356558596074e-05 2.3733733955071466e-07
11 7 0.00043263822891426417 0.00042439741923724265 8.240825617486869e-06
13 6 0.0021639683024767486 0.0020954414746593925 6.852684907130991e-05
17 5 0.00809757457814019 0.007762371048011491 0.00033513733114725556
21 4 0.021420131382307278 0.01996648155134139 0.001453083058864497
25 3 0.03483180017701426 0.03115062898100724 0.003671679123561759
33 2 0.04025804181599222 0.03292974927815905 0.0073137614079888565
40 1.5 0.03605055063043194 0.027201373674206702 0.008839001356625702
50 1 0.025954302752426692 0.018557923201926844 0.007381587252071212
59 0.7 0.01723554323065539 0.011559793096443755 0.005671470324719607
67 0.5 0.011689883163331931 0.00725549088811828 0.004431977826061723
72 0.4 0.008962916781532479 0.005414422400284383 0.0035465211074998913
78 0.3 0.006514282203537384 0.003806777415446671 0.002705643508509743
84 0.2 0.004790608540938175 0.002716856301054831 0.002073092517157325
91 0.1 0.0032939216639340696 0.0018164635506594507 0.0014761679132630112
99 0 0.002161476318901351 0.0011505941812002148 0.0010107108591720956
