# Snapnum, Redshift, Tot SFRD, Cent SFRD, Sat SFRD [Msun/yr (cMpc/h)^-3]
4 10 0.002934799897708971 0.002701580432669288 0.00022420360868331132
6 9 0.006149308628719838 0.005590257777020067 0.0005393216282047562
8 8 0.012039683115451024 0.010835344996445206 0.0011593921845301143
11 7 0.022964871011738077 0.02057193380827324 0.0023048363343538252
13 6 0.04305028583450617 0.03854227303724554 0.004305292472541025
17 5 0.07913900697900494 0.06996918936173299 0.0086218478402809
21 4 0.1372064537659059 0.11798287169367827 0.01765069790049477
25 3 0.18290436877004107 0.14797941120993602 0.031519743619506393
33 2 0.1698575615559844 0.12432100520886231 0.04082434961767821
40 1.5 0.13803937841876932 0.095794902859796 0.03686886797928063
50 1 0.09704127189100564 0.06393491098504084 0.02785505687671392
59 0.7 0.07071790891020154 0.04584882329043397 0.020995756010504782
67 0.5 0.053448633217742056 0.03418174431595595 0.015868962290158297
72 0.4 0.04542237489299343 0.028850716762670304 0.013488157637004686
78 0.3 0.03759637483495597 0.023946687149054714 0.010991813997185183
84 0.2 0.03072197153262431 0.01963087085213505 0.00887877606244831
91 0.1 0.02489482886203044 0.016001126289519885 0.007084672124606434
99 0 0.01987059278013958 0.013045032537252796 0.005324578140189492
