# Snapnum, Redshift, Tot SFRD, Cent SFRD, Sat SFRD [Msun/yr (cMpc/h)^-3]
4 10 0.010254408564814814 0.008993767361111111 0.0011334409722222223
6 9 0.01566421527777778 0.013567616898148149 0.001886498408564815
8 8 0.02322093287037037 0.020060199074074074 0.0028491846064814816
11 7 0.03710975 0.03223801157407408 0.004453210648148148
13 6 0.06507859259259259 0.05664418981481482 0.007912842592592593
17 5 0.11366250925925926 0.09767174074074074 0.015567277777777777
21 4 0.19342074074074075 0.16321174074074074 0.02973325
25 3 0.26780905555555556 0.2132862222222222 0.05411378703703704
33 2 0.24033294444444445 0.17493412962962962 0.06510496759259259
40 1.5 0.2103672962962963 0.14350823148148148 0.06663845833333333
50 1 0.1578072962962963 0.10399422222222222 0.05371128703703704
59 0.7 0.12282584259259259 0.07708473611111111 0.04567644444444444
67 0.5 0.09556288888888889 0.059565398148148145 0.035941752314814814
72 0.4 0.0827439537037037 0.05062298611111111 0.032077090277777776
78 0.3 0.06850391666666666 0.04248748148148148 0.025988363425925927
84 0.2 0.059133578703703706 0.03642827314814815 0.02267335185185185
91 0.1 0.04881119444444444 0.03035925 0.018433927083333333
99 0 0.04115051851851852 0.02588456712962963 0.01525273263888889
