10.117279958412038 0.2847972874976752
10.352966595935658 0.2958548903531073
10.594106929657578 0.2629190200743292
10.840874414712042 0.26811468597391364
11.093435181421837 0.23756811391886257
11.351802712113365 0.22831363733741128
11.61620750691934 0.2287314721900766
11.886808411723559 0.20023283642980982
12.163648916745899 0.2051212325961258
12.4470346003754 0.1945986699345168
12.736949218204204 0.1899904676362678
13.033622922348691 0.19166131491747307
13.337196538685973 0.16002185260622204
13.647891457250081 0.15532626713495823
13.965801311954845 0.15306202734565577
14.291085227270536 0.14563099680184566
14.623975144406488 0.1324449515645778
14.964583487948154 0.1364376221460415
15.31319734506917 0.12182309968532534
15.66988008043619 0.12184463092750142
16.03487812937181 0.10563957240779276
16.408360245452577 0.0985817361923289
16.790587024710746 0.09690190277458299
17.181681166006445 0.09863825441794605
17.581904078138184 0.09471079500888901
17.991424804003426 0.08940614115986789
18.41049932867556 0.08163666348236731
18.83937187306824 0.08141276592540914
19.278171914999394 0.07233794725371467
19.727214188162716 0.06788442682300011
20.18673237881318 0.06494416333178088
20.656931716073487 0.0629575956964088
21.138121217537776 0.06290884479173142
21.63049142058184 0.05847529808176444
22.13432946846543 0.053526253478672015
22.649930983970265 0.04915299292535047
23.177486511793905 0.04516938704314821
23.717349439470297 0.042090325218208324
24.26982060097976 0.04492821492454824
24.835114522335886 0.04030304493751191
25.413621915013884 0.03730286080071088
26.00558682522789 0.03333408211401889
26.61132855805316 0.03676553517328318
27.23120138026798 0.030351377893831133
27.86548016094349 0.028894469584876736
28.514553388650643 0.03116232880321279
29.178746082554298 0.026402345293853324
29.858431198098966 0.025255900372503692
30.55391472397313 0.02286313002819229
31.265591082313705 0.02274033416372423
31.993860358061326 0.022463018992422423
32.73911353127785 0.02047184317120765
33.501699998111754 0.018876241034767594
34.28205436316868 0.019852364394213673
35.080589679290426 0.01934684855907154
35.89772699917945 0.01645775714005593
36.733901003518376 0.01756662872081005
37.58954644889886 0.016235436069136355
38.46511330118572 0.014844541427962321
39.36108281221995 0.015646503477852347
40.277919735639436 0.013741642269395449
41.2161046675379 0.012741948862072361
42.17613858895843 0.012741540214161295
43.158554873326224 0.011589063330572857
44.163853944665185 0.00986960363240752
45.192557938582254 0.0076549907101028936
46.245198001696984 0.004687664443935091
47.32241462717861 0.004551566879048563
48.424690419478885 0.002689906659189445
49.55264087387925 0.0032388688567792645
50.70686615014133 0.000788105597816724
51.88799334617243 0.0007317632039507416
53.09662780984445 -0.0002699686936754597
54.33342386608116 -0.0023110159263485253
55.5990252072494 -0.003133087945002555
56.89405931791075 -0.0035203552125741
58.21931058741457 -0.0044082753510852335
59.57542472283383 -0.004598059230990881
60.96311674244313 -0.005653638782835757
62.38313608389242 -0.0055239501453798745
63.83622362640059 -0.0028320200386753314
65.32317581562016 -0.004378606405975205
66.8447438219122 -0.003555282184206532
68.40171829720155 -0.004672159788398411
69.99502550513066 -0.0037862425048668102
71.62539780201892 -0.004090499281032889
73.293760603605 -0.004091080549565085
75.00098305545983 -0.004835690006715798
76.7480261384448 -0.004985408737374186
78.53570804173486 -0.004564608965506811
80.3650479783288 -0.005233786061114687
82.23699126520792 -0.006281264122382169
84.15254725352534 -0.005212777373453936
86.11272545842692 -0.005950369909355158
88.118579773384 -0.004650561411717824
90.17112185859807 -0.0032202713433324703
92.27148715062103 -0.002110445327666688
94.42073784834763 -0.0011867964770860828
96.62010703565313 -0.0004019940561161839
98.8706172490648 0.001290714101168211
