# Snapnum, Redshift, halo shot noise, galaxy shot noise
4 10 178.89903354803414 144.16480885017896
6 9 233.6074404750599 206.1057688309466
8 8 441.5970112612414 399.17795727960925
11 7 738.7578907762615 664.4839930028446
13 6 786.9120418567545 680.5441493371306
17 5 893.4010507401687 671.7558031781883
21 4 785.7391881723202 533.8473211484031
25 3 482.5548958357291 284.6099233887118
33 2 289.81384363548244 133.99089825288445
40 1.5 303.6692426317991 130.20444374778504
50 1 304.9385763616982 116.44115731996432
59 0.7 281.8226798525223 108.99234633475665
67 0.5 312.1333825186365 122.24010573329767
72 0.4 305.19379588730754 117.34795759851282
78 0.3 305.7679168449634 123.22123881338939
84 0.2 293.01370733005433 127.11132606336797
91 0.1 316.3987007246348 162.2097417830628
99 0 265.92956161266807 129.82978137122032
