# Snapnum, Redshift, halo shot noise, galaxy shot noise
4 10.0 18.200451392333346 13.995529935474126
6 9.0 50.3366119547211 44.426605794854574
8 8.0 211.08062944368413 196.48258140890303
11 7.0 385.9256766977784 352.0080066091179
13 6.0 509.4976353074955 403.17231529870145
17 5.0 555.0542363585091 380.45253674492466
21 4.0 411.0442549925137 283.5741883192373
25 3.0 350.94654107791877 169.68986523443024
33 2.0 210.32520191506788 85.95896570844637
40 1.5 236.68877158799816 78.33107954123068
50 1.0 254.64355153509214 78.79744872151444
59 0.7 499.7336168479277 111.6631646192934
67 0.5 310.45699236307934 77.75920822568706
72 0.4 372.8807137495985 86.5789965292321
78 0.3 328.1380419864925 74.79087022643976
84 0.2 344.6757918285146 75.67685414037332
91 0.1 311.1892493993392 74.43884530273334
99 0.0 377.394007473088 93.34610399890637
