93 13 74.25339 12.0164795 106.77538 1.3253513489791684
226 13 113.44025 62.18535 191.00528 1.5597309879588814
304 13 183.32478 57.176636 107.48614 1.7510642970894483
307 13 147.47983 132.65279 74.08421 1.4021552200944536
315 13 133.24564 4.760979 194.39386 1.4404180843366357
356 13 201.63797 71.11093 85.67433 1.9057857793164474
357 13 184.6948 63.878796 104.57244 1.2430575740679424
374 13 133.69655 88.88511 69.750786 1.9074748529077608
394 13 14.347547 13.855476 127.080444 1.3966392294779235
421 13 84.881516 161.97702 7.58087 1.8299927991515634
423 13 80.94954 175.46286 53.708775 1.2219539490373423
430 13 111.64189 151.33936 200.82376 1.7595463296480673
441 13 11.665152 104.431625 195.59721 1.4766545262755568
459 13 166.19424 24.432377 39.52232 2.146750228020029
461 13 28.28922 38.860527 134.56815 1.7170842715231365
475 13 84.30704 17.242098 143.9858 2.1698922504972264
493 13 27.715725 68.69017 203.58789 1.4245277760420578
501 13 155.06595 131.92305 15.617114 1.5068595211368565
514 13 169.78116 160.3006 68.29477 1.2180746844306063
516 13 57.4508 45.127346 3.6340477 1.9418107704914864
525 13 39.33276 165.62639 52.98 1.8483875752392418
529 13 22.4369 176.51067 18.669477 1.8554858396270826
558 13 198.53893 192.95326 101.664734 1.8790133653270282
565 13 73.6191 200.79439 77.96227 1.4978197852316295
566 13 74.38782 99.102036 156.3039 1.6836075355345617
580 13 20.126305 199.42374 57.27949 2.168098120343845
603 13 172.57361 53.265335 61.848454 1.2316910875729006
612 13 97.44522 183.69347 138.33287 1.6622854422330147
625 13 126.24254 36.872566 65.9934 1.7477675362983274
630 13 80.825325 152.77937 194.61317 1.598179479225374
632 13 105.94533 194.35677 125.30169 1.9288282211611771
637 13 129.14566 174.10118 73.65965 1.5303627627215384
640 13 179.21878 62.62359 117.57663 1.7254468866807506
642 13 171.99939 108.20257 11.811422 1.8887867822634214
652 13 120.771904 140.13304 194.77995 1.9606939052258843
657 13 114.71731 25.789381 48.5439 1.4249422985209357
661 13 119.85164 68.93211 193.15176 1.6367181381231388
665 13 196.65848 101.99754 81.11643 1.5838302150249637
674 13 48.084015 112.074875 174.31438 1.0228061602903717
677 13 166.44125 39.82366 78.95327 1.806474813849301
680 13 19.064674 171.60541 11.752432 2.0114568677677345
686 13 101.864586 123.58044 180.79333 1.5859084663023177
697 13 153.90088 66.20397 141.98582 1.4940542922928635
702 13 196.37173 62.63307 140.37952 1.4701727518131065
703 13 17.582186 162.05823 203.04953 2.0010038121468585
709 13 1.8108191 200.81805 31.10255 1.8192127611073687
713 13 140.08533 30.14891 38.190746 0.9539581718872144
718 13 65.151245 201.03285 74.86429 1.9317045631813667
719 13 159.68784 38.733166 174.38748 1.5460168305539912
721 13 147.49472 176.62683 138.78903 1.6543896104516587
726 13 104.60029 195.06961 140.86325 1.3407068844440873
727 13 95.294586 144.2974 37.965897 1.6771550164261444
728 13 18.032328 9.510368 101.83807 1.2361572071910978
729 13 23.263865 178.2145 18.951885 1.4282021643522844
732 13 177.36848 3.933648 8.347767 1.7727729470849165
745 13 82.367744 35.151817 163.59703 1.283936887270093
748 13 141.56267 58.85347 70.18499 1.2760883941854388
751 13 150.83665 173.6503 68.1765 1.8130027209440096
753 13 173.9045 170.05373 128.32109 1.586470429004909
755 13 41.480804 21.364538 202.7058 1.2115921215238312
757 13 35.59935 155.6222 76.22584 1.7461331444221557
758 13 86.12184 153.45566 62.57823 1.8131584387480701
760 13 77.785194 25.384815 12.793068 1.5084082829576848
762 13 9.781244 96.70827 182.81818 2.2704602057362906
763 13 145.235 28.59513 33.999836 1.7079385342589994
765 13 6.655629 75.70907 129.69817 1.3173319534563723
766 13 65.629105 29.699974 165.8341 1.8797109992830499
767 13 50.297905 149.47208 58.59679 1.673022604377427
769 13 47.586185 185.99028 4.915139 1.6845215621895622
772 13 85.37169 192.34584 67.57747 1.6129718506780488
773 13 165.76123 161.70872 60.87555 1.353664082732682
775 13 92.90662 192.67882 59.910988 1.8083096509404781
779 13 102.26345 75.71875 117.322975 1.6548046866122912
781 13 76.98122 42.407494 162.89572 1.522982333383812
787 13 45.27859 133.51422 112.59367 1.7144190177843153
788 13 101.82451 119.69519 82.89367 1.8362544186751906
789 13 169.32892 43.845486 150.5049 1.6650654584737228
793 13 84.66615 17.03252 104.441765 1.3725193205813673
795 13 147.97781 131.20403 169.85782 1.2332314067082093
798 13 28.50911 80.57924 169.29335 1.279289054414637
801 13 161.97707 89.05468 10.058034 1.6006538172924845
805 13 56.57538 11.926271 69.7791 1.6236323853266894
806 13 65.00026 131.0085 83.02658 1.9073668558373509
807 13 60.714115 139.42433 109.52972 1.8164466640965784
811 13 31.489317 89.71591 144.81888 2.025961531189278
812 13 60.513824 131.116 77.00397 1.6321304518823474
813 13 165.4875 103.233925 12.023697 1.9234784307432669
814 13 67.784966 118.39758 69.34314 1.6310638454286763
816 13 42.925278 134.2934 169.78145 1.8978450834005234
817 13 93.059685 79.46318 35.21393 1.66843517076661
818 13 38.636406 83.23246 152.5881 1.7404933561134928
823 13 17.250841 154.95766 149.84009 2.155538816485348
824 13 39.586285 43.866188 148.96626 1.7713867565964176
827 13 12.418204 43.201885 40.89302 1.6494876495299329
835 13 196.93135 124.723274 141.70842 1.6130453453935272
841 13 85.23121 24.283005 150.38982 1.7295633257983578
842 13 189.59491 189.53607 65.71292 1.3674771538922517
843 13 183.80014 133.85187 12.91865 1.9982217167210012
844 13 51.227615 95.03296 44.02652 1.685202454717449
848 13 150.71684 127.02341 64.31287 1.5556195125799246
854 13 88.69137 96.31265 37.32755 2.0334304793601112
855 13 49.387497 107.09193 171.88968 1.0588750838402945
857 13 118.75823 129.62582 186.07674 1.9443163405318533
860 13 10.281816 12.7428255 172.4582 1.4384001285970216
863 13 167.40762 125.44449 33.648624 1.8404659550078772
866 13 16.726913 125.119064 196.72327 1.7857335892340513
869 13 42.134224 48.280273 147.3563 1.0729639603457104
873 13 54.85959 201.81041 137.43423 1.1503167587472913
879 13 132.63861 61.57344 125.412605 1.8795199236407063
882 13 30.916372 92.46726 14.156035 1.9756028247923838
883 13 85.041374 138.44614 178.43982 1.754232889634319
884 13 63.978268 125.3322 113.54003 1.7447513172067468
895 13 159.17316 188.46669 158.48798 1.6611591822611682
896 13 116.67551 47.947556 76.576 1.3499523170735857
901 13 172.55952 150.98091 165.19058 0.598065907165014
902 13 123.703125 160.92358 40.730633 1.5904797520397531
904 13 185.96422 116.556465 21.075798 1.9312690159344046
908 13 83.144325 2.8968515 81.6709 1.62495256701273
914 13 138.46265 52.48436 33.58815 1.0459957997529417
920 13 190.55199 161.46858 44.147327 1.515961350145341
922 13 37.76581 1.5478852 180.69667 1.2869582197589444
924 13 119.94923 64.36384 154.27956 1.2419785776014467
935 13 134.85785 81.47743 176.99738 1.4571994878623153
939 13 60.987938 24.543362 65.97172 1.5597877627257233
990 13 155.77426 164.85947 168.32059 2.136465121867544
1000 13 62.241787 178.50621 51.021576 1.478766798964046
1006 13 55.818237 12.058174 47.91226 1.9226645364483188
