93 13 72.42861 13.463586 106.69274 1
93 13 73.603615 12.383143 106.698296 1
93 13 74.09067 12.178614 106.600365 1
93 13 74.65104 12.153245 106.97661 1
93 13 72.57296 13.435737 106.79963 1
93 13 73.01192 12.091468 107.07923 1
93 13 72.49696 13.454987 106.83023 1
185 13 179.7214 97.05242 162.48917 1
185 13 180.19159 97.22968 162.25696 1
185 13 179.05434 97.7091 162.99353 1
226 13 114.13185 63.595463 192.11302 1
226 13 113.57276 62.359383 191.31583 1
226 13 114.17686 63.970936 191.88191 1
226 13 114.70024 63.183197 192.29466 1
226 13 114.13317 63.670982 192.05646 1
226 13 113.42449 62.206455 191.0399 1
304 13 183.70372 56.387024 108.14233 1
304 13 183.89838 56.430897 107.95244 1
307 13 147.56796 131.88992 73.570435 1
307 13 147.59058 132.84207 73.40961 1
307 13 147.64424 131.49406 73.52025 1
307 13 147.46545 132.61041 74.02031 1
313 13 2.1748235 7.9924307 38.951527 1
313 13 2.4277387 7.0344477 39.853386 1
315 13 133.49529 4.0836296 193.74014 1
352 13 54.141136 186.39534 64.38397 1
352 13 53.601875 185.3129 63.52233 1
352 13 53.533424 185.75992 63.616306 1
352 13 53.868927 185.58798 63.49438 1
352 13 53.698788 185.57639 63.386585 1
356 13 201.5076 71.03842 85.627754 1
394 13 14.197739 14.025651 127.4696 1
394 13 14.628947 14.493571 127.50852 1
394 13 14.617584 14.474432 127.6875 1
394 13 14.3744135 13.875765 127.07814 1
394 13 14.624708 14.517491 127.529236 1
410 13 124.310974 197.0137 22.149578 1
410 13 124.47734 196.80637 22.348314 1
410 13 124.97631 196.69241 21.746004 1
410 13 124.95184 196.70378 21.70824 1
411 13 98.85656 156.54466 155.56601 1
411 13 98.760506 156.5712 155.14851 1
430 13 111.981705 151.54482 200.90468 1
430 13 112.06049 151.36703 200.6001 1
440 13 81.66681 196.92596 143.37186 1
441 13 12.244845 104.0222 194.79266 1
461 13 28.48722 38.872753 134.49797 1
461 13 28.273308 38.771824 133.8569 1
463 13 22.726261 171.85185 120.18196 1
463 13 22.530836 171.90091 120.06232 1
463 13 22.488575 171.90941 120.03574 1
475 13 84.3558 17.198349 144.0318 1
479 13 14.654326 151.29947 111.59588 1
493 13 27.614653 68.68612 203.65517 1
514 13 169.91737 160.27824 68.18414 1
514 13 169.88367 160.28923 68.26824 1
516 13 57.283527 45.909893 2.723177 1
516 13 57.741657 44.917854 3.4955974 1
516 13 57.46888 45.17339 3.519928 1
516 13 57.434204 45.018173 3.662931 1
519 13 168.40683 53.365105 24.07751 1
519 13 168.39124 53.368782 24.13315 1
526 13 161.72647 42.814938 158.60367 1
526 13 161.93187 42.597675 159.53717 1
526 13 161.86057 42.866837 159.0177 1
526 13 161.81165 42.823906 159.05463 1
526 13 161.86229 42.812542 159.02321 1
540 13 66.91176 50.738594 155.0884 1
540 13 66.61095 50.220425 154.22348 1
540 13 66.932816 50.590782 155.00562 1
551 13 147.31264 56.379948 66.408226 1
551 13 147.83455 56.008247 66.00034 1
551 13 147.1401 56.39436 66.35383 1
558 13 198.48802 192.93758 101.65981 1
558 13 198.5047 192.9786 101.69601 1
558 13 198.62004 192.90247 101.6278 1
561 13 17.608553 198.43716 57.149387 1
561 13 17.163128 198.9411 55.908104 1
561 13 17.516844 198.5552 56.630974 1
561 13 17.515064 198.52655 56.623184 1
564 13 131.31071 142.36642 53.7986 1
564 13 131.45802 141.72334 53.078648 1
565 13 73.608536 200.51254 77.83946 1
565 13 73.504524 200.76772 77.9877 1
565 13 73.56409 200.81511 77.92429 1
566 13 74.58845 99.22527 156.42407 1
566 13 74.35869 99.10016 156.34554 1
566 13 74.406166 99.10862 156.28873 1
579 13 97.3431 106.477135 76.79159 1
580 13 19.737167 198.96814 56.87977 1
580 13 19.20794 199.09486 57.10012 1
580 13 19.987057 199.28804 57.22788 1
600 13 126.587395 73.48597 187.29675 1
603 13 172.34471 53.317036 61.938602 1
603 13 172.53012 53.04227 62.423542 1
608 13 203.61942 146.9911 156.90897 1
608 13 203.11978 147.23883 157.29152 1
608 13 203.08723 147.27644 157.03194 1
608 13 202.99942 147.20387 157.16887 1
608 13 202.9773 147.11024 157.22179 1
608 13 203.31033 147.12784 157.13988 1
630 13 80.81923 153.08484 194.76389 1
637 13 128.93755 174.40733 73.69717 1
637 13 129.11943 174.16078 73.689514 1
640 13 179.24152 62.64767 117.53223 1
644 13 137.80655 106.54582 23.330357 1
644 13 137.691 106.42421 23.124615 1
661 13 119.83212 68.89301 193.18105 1
665 13 196.5386 101.95037 81.75551 1
665 13 196.74277 102.10808 81.21738 1
679 13 134.82745 82.101906 103.583115 1
679 13 134.75754 82.04244 103.49778 1
683 13 66.17456 150.93942 87.505356 1
691 13 77.59578 186.27634 135.55278 1
691 13 77.446106 186.35101 136.22145 1
698 13 89.30726 132.33913 43.993637 1
698 13 90.110916 132.91801 43.531624 1
702 13 196.3393 62.45034 140.31886 1
702 13 196.57893 62.362114 140.1947 1
703 13 17.49888 161.86586 202.85855 1
713 13 140.21782 30.020641 38.240845 1
713 13 139.9956 30.259289 38.14115 1
713 13 139.7063 30.005842 37.475163 1
719 13 159.65167 38.729687 174.1673 1
719 13 159.69438 38.749508 174.39497 1
722 13 65.95205 109.34474 60.377094 1
722 13 66.12525 109.512985 60.291553 1
722 13 66.475006 109.0011 60.302998 1
722 13 66.46847 108.8082 60.317245 1
722 13 66.36778 109.007996 60.20958 1
722 13 66.39667 109.002144 60.239243 1
727 13 95.60323 144.14644 37.74061 1
727 13 95.29632 144.19125 37.883846 1
727 13 95.24666 144.18492 38.091362 1
731 13 50.6084 69.50484 202.29027 1
733 13 149.6776 85.43138 30.68922 1
733 13 149.47977 85.28422 30.290562 1
743 13 24.91593 39.08737 138.90085 1
743 13 24.86631 38.985317 138.77855 1
743 13 24.912682 39.10023 138.35216 1
750 13 88.876175 199.60393 79.69832 1
750 13 88.647575 199.56285 79.650826 1
750 13 88.55264 199.58815 79.68914 1
755 13 41.391056 21.161404 202.9363 1
756 13 104.78423 71.45009 29.8123 1
756 13 104.76378 71.39285 29.600391 1
756 13 105.020485 71.52044 29.669939 1
756 13 104.83237 71.43574 29.573717 1
757 13 35.75894 155.47775 76.12414 1
757 13 35.7193 155.55418 76.01736 1
757 13 35.757267 155.49118 76.09707 1
758 13 85.96669 153.41505 62.713757 1
758 13 86.26804 153.47461 62.42612 1
759 13 102.588295 52.621357 127.52013 1
760 13 78.21581 26.029202 13.081756 1
760 13 78.021126 25.30605 12.699229 1
762 13 9.670351 96.67872 182.87642 1
763 13 145.16753 28.410318 34.290173 1
766 13 65.60476 29.698898 165.83177 1
769 13 47.689213 185.88434 5.1782837 1
769 13 47.73537 185.68736 4.923966 1
773 13 165.61975 161.8448 60.925167 1
773 13 165.61644 161.86104 60.93062 1
775 13 92.96569 192.80214 59.92257 1
775 13 92.97255 192.8074 59.92046 1
779 13 102.26469 75.47251 117.273186 1
781 13 77.16556 42.67622 162.85513 1
781 13 76.9019 42.479214 162.73392 1
791 13 17.875002 65.00234 183.27614 1
791 13 18.61996 64.81724 182.67523 1
796 13 66.13732 186.05118 52.22503 1
797 13 142.23442 139.07388 181.34897 1
797 13 142.38036 138.81245 181.30058 1
797 13 142.27379 138.74693 181.35287 1
797 13 142.11206 139.23346 181.85143 1
799 13 43.860504 191.13785 2.6583834 1
799 13 43.924774 191.0411 2.4738538 1
799 13 43.93167 191.04381 2.468858 1
799 13 43.944443 191.0662 2.4999533 1
799 13 43.875893 191.00365 2.4981453 1
804 13 62.886414 174.95839 47.594032 1
804 13 62.849686 175.00786 47.647633 1
812 13 60.58128 131.25578 77.239655 1
814 13 67.84967 118.52224 69.65107 1
814 13 67.7709 118.54735 69.33683 1
814 13 67.80556 118.50508 69.44856 1
816 13 43.13013 134.3605 169.81732 1
823 13 17.423805 155.22595 150.04724 1
826 13 86.67312 96.354454 25.021645 1
836 13 71.52597 116.02589 4.1913004 1
836 13 71.337296 115.71444 4.5846295 1
836 13 71.65514 115.83321 4.6116033 1
841 13 84.93319 24.543512 150.45163 1
843 13 183.97343 133.6751 13.080468 1
844 13 51.069168 95.21446 43.639236 1
844 13 51.178516 94.72546 44.17488 1
856 13 34.386948 23.997353 144.3787 1
856 13 34.207645 24.346933 144.37114 1
868 13 81.23874 106.169685 101.6773 1
870 13 29.109444 13.183678 139.9928 1
870 13 29.113232 13.178869 140.00679 1
870 13 29.112234 13.18192 139.99467 1
876 13 179.24391 61.29252 114.01432 1
882 13 30.830843 92.45721 14.0610285 1
886 13 121.02637 35.825565 146.03935 1
891 13 13.553863 197.87392 175.89027 1
896 13 116.767746 47.96888 76.619675 1
896 13 116.72242 47.946682 76.537125 1
904 13 185.94604 116.57927 21.022608 1
905 13 11.982729 178.17558 50.18288 1
905 13 12.085102 178.15565 50.281853 1
906 13 0.6080667 77.91418 82.41341 1
906 13 1.1851624 78.27515 82.15819 1
911 13 145.77446 188.50735 36.430805 1
922 13 37.821262 1.5930723 180.55229 1
922 13 37.81285 1.6035708 180.63889 1
932 13 139.8234 41.650402 115.94749 1
932 13 139.86162 41.828484 116.151505 1
932 13 139.8139 41.793568 116.13773 1
933 13 183.81223 54.862175 95.45943 1
939 13 61.163456 24.497463 66.19002 1
945 13 199.5983 196.9495 103.13036 1
947 13 196.92537 79.46943 80.9679 1
953 13 101.68353 27.145332 14.025105 1
965 13 109.67771 150.24048 140.71251 1
965 13 109.50748 150.2929 140.80638 1
965 13 109.58124 150.36537 140.82245 1
968 13 136.70709 186.15529 122.78643 1
974 13 203.57988 42.103374 46.898453 1
974 13 203.83813 41.943012 47.050827 1
991 13 21.086569 182.18478 53.40399 1
991 13 21.140644 182.21306 53.051365 1
991 13 21.159521 182.18642 53.077854 1
1008 13 177.04558 168.25926 109.53525 1
1009 13 19.26524 14.1837225 116.652084 1
1009 13 19.111425 14.158141 116.689224 1
1009 13 19.283365 14.197011 116.634544 1
1009 13 19.280333 14.172016 116.82592 1
1012 13 113.638855 152.84648 142.96237 1
1012 13 113.13843 152.67908 142.92119 1
1012 13 113.62435 152.80994 142.9061 1
1013 13 77.60878 72.50362 58.2696 1
1029 13 106.15328 182.4369 90.426094 1
1029 13 106.10689 182.36214 90.24482 1
1029 13 106.14981 182.41208 90.42653 1
1031 13 105.62791 23.45715 92.25146 1
1031 13 105.454704 23.873623 92.531395 1
1040 13 106.04204 1.3028904 118.277275 1
1045 13 168.24149 52.72813 59.38869 1
1045 13 168.42697 52.539158 59.416073 1
1045 13 168.15659 52.73376 59.40033 1
1048 13 76.4103 155.96872 81.043205 1
1048 13 76.40793 155.97253 81.0463 1
1055 13 148.15962 31.502186 164.12611 1
1055 13 148.07552 31.404625 164.01659 1
1095 13 144.91066 61.228252 132.37692 1
1095 13 144.89981 61.19512 132.34195 1
1097 13 24.817108 43.06243 178.76183 1
1100 13 55.232376 86.15693 152.73161 1
1105 13 23.060581 51.16005 188.99028 1
1105 13 23.075167 51.026325 188.84346 1
1105 13 23.070925 51.00986 188.87106 1
