93 13 74.25339 12.0164795 106.77538 1.2184233625294234
185 13 178.99066 97.66873 163.02057 1.8244279631202285
226 13 113.44025 62.18535 191.00528 0.9775504672239534
295 13 138.8112 31.017136 147.23042 0.7298606621910365
304 13 183.32478 57.176636 107.48614 1.4695106703859873
307 13 147.47983 132.65279 74.08421 0.5982018149610528
313 13 2.38066 7.5760717 39.48816 1.2190167431053294
315 13 133.24564 4.760979 194.39386 1.0464247110390863
322 13 30.303476 93.226944 10.911667 2.069475260775609
352 13 53.710903 185.59894 63.44691 1.5656085046418777
356 13 201.63797 71.11093 85.67433 1.2025722628906206
357 13 184.6948 63.878796 104.57244 1.5174633876391077
374 13 133.69655 88.88511 69.750786 2.423736266885219
394 13 14.347547 13.855476 127.080444 1.5888428959130472
410 13 124.898796 196.56113 21.729153 1.7757365057021213
411 13 98.78345 156.54512 155.10307 2.1941229698892917
421 13 84.881516 161.97702 7.58087 1.4419578456486106
423 13 80.94954 175.46286 53.708775 1.4407378420210386
424 13 170.20786 110.067764 156.37341 1.6667155212097793
430 13 111.64189 151.33936 200.82376 1.3409408277974573
440 13 81.71211 197.08678 143.50665 1.4043089230488017
441 13 11.665152 104.431625 195.59721 1.6537673141872904
459 13 166.19424 24.432377 39.52232 1.452752018565378
461 13 28.28922 38.860527 134.56815 1.586978650482561
463 13 23.134375 171.68228 120.747665 1.2022639074887
474 13 8.3445215 8.693734 121.70441 1.996430118687047
475 13 84.30704 17.242098 143.9858 1.8752979581583953
479 13 14.468059 151.26422 111.56699 1.8221853608708856
493 13 27.715725 68.69017 203.58789 1.219698604213314
501 13 155.06595 131.92305 15.617114 1.0454292717541376
511 13 130.16136 64.24549 154.86575 1.7716030167395953
514 13 169.78116 160.3006 68.29477 1.8268585477506658
516 13 57.4508 45.127346 3.6340477 1.5511668945393209
519 13 168.37221 53.335667 24.000708 1.622576730094741
525 13 39.33276 165.62639 52.98 2.1634575300658287
526 13 161.89922 42.818348 159.01707 1.8342149358554583
529 13 22.4369 176.51067 18.669477 1.5163111146780794
540 13 66.92414 50.116085 154.59915 1.8789638994154516
551 13 147.84856 55.95537 66.1314 1.447418693649456
558 13 198.53893 192.95326 101.664734 2.0405172077677034
561 13 17.688946 198.55408 56.39457 1.9136422150212067
564 13 131.8204 142.21039 53.503 1.140669496661653
565 13 73.6191 200.79439 77.96227 1.4170302231155356
566 13 74.38782 99.102036 156.3039 1.805916385772834
579 13 97.28834 106.48272 76.68736 2.216995330190113
580 13 20.126305 199.42374 57.27949 1.7977075579926276
595 13 91.08058 148.4481 13.607937 1.6763377415767147
600 13 126.58782 73.502716 187.30156 1.6791936484012508
603 13 172.57361 53.265335 61.848454 1.8180026350960974
608 13 202.98187 147.23102 157.14536 1.2597896107492976
612 13 97.44522 183.69347 138.33287 1.9172899623655195
625 13 126.24254 36.872566 65.9934 1.3999030893729796
630 13 80.825325 152.77937 194.61317 1.8213776723740271
632 13 105.94533 194.35677 125.30169 1.9960679094862994
637 13 129.14566 174.10118 73.65965 1.6765275951620973
640 13 179.21878 62.62359 117.57663 2.1218296237890457
641 13 123.21906 120.83009 198.42892 1.5181613968974665
642 13 171.99939 108.20257 11.811422 0.9490342855250423
644 13 137.87376 106.36406 23.140474 1.7729744722805931
649 13 92.86412 179.70293 163.42041 1.2022922141246077
652 13 120.771904 140.13304 194.77995 1.0598118441867932
656 13 147.03783 84.81508 63.34525 1.61630362574308
657 13 114.71731 25.789381 48.5439 2.061628317866064
661 13 119.85164 68.93211 193.15176 1.7431046359232998
665 13 196.65848 101.99754 81.11643 1.6154104394942617
674 13 48.084015 112.074875 174.31438 1.3946960967348605
677 13 166.44125 39.82366 78.95327 1.7317114178673645
679 13 134.74663 82.06575 103.518616 0.7326886667134327
680 13 19.064674 171.60541 11.752432 1.493324635373072
683 13 66.05172 151.05635 87.636604 1.5907232670688016
686 13 101.864586 123.58044 180.79333 1.8813997254103518
691 13 77.43233 186.14955 135.57066 1.8275255117578906
697 13 153.90088 66.20397 141.98582 1.5969986393079814
698 13 89.97238 133.00368 43.691116 1.4379641329297372
702 13 196.37173 62.63307 140.37952 1.1943910866743628
703 13 17.582186 162.05823 203.04953 1.5524042117973222
709 13 1.8108191 200.81805 31.10255 1.276759581855977
713 13 140.08533 30.14891 38.190746 1.545007919426674
718 13 65.151245 201.03285 74.86429 1.2118818727809173
719 13 159.68784 38.733166 174.38748 0.8035616044062135
721 13 147.49472 176.62683 138.78903 1.5167381499274923
722 13 66.396164 109.00401 60.239918 1.5661466447102252
726 13 104.60029 195.06961 140.86325 1.70097105690487
727 13 95.294586 144.2974 37.965897 2.1118350248313087
728 13 18.032328 9.510368 101.83807 1.6221760891608
729 13 23.263865 178.2145 18.951885 1.2436907334543408
730 13 15.242955 74.6061 141.73705 1.732072238256648
731 13 50.575863 69.9765 202.45695 1.8203014910739217
732 13 177.36848 3.933648 8.347767 1.9874889637864477
733 13 149.46692 85.28522 30.276064 1.88355748090658
738 13 152.03647 154.69595 17.506939 1.5080478800573012
741 13 64.86763 93.08881 3.6918395 1.3601913766063576
743 13 24.878906 39.161205 138.62941 1.9702090330133533
745 13 82.367744 35.151817 163.59703 1.70391196554642
748 13 141.56267 58.85347 70.18499 1.3357489032621024
750 13 88.652405 199.54167 79.68223 0.9751942111431853
751 13 150.83665 173.6503 68.1765 1.8863024935651609
753 13 173.9045 170.05373 128.32109 2.25115231287455
755 13 41.480804 21.364538 202.7058 2.047111562390576
756 13 104.85626 71.44684 29.593092 0.5302565425127242
757 13 35.59935 155.6222 76.22584 1.1101334253441375
758 13 86.12184 153.45566 62.57823 1.8463180987279981
759 13 102.58824 52.676003 127.49046 2.0182207606000295
760 13 77.785194 25.384815 12.793068 1.4421137319242396
762 13 9.781244 96.70827 182.81818 1.8048623972298703
763 13 145.235 28.59513 33.999836 1.341723243818886
765 13 6.655629 75.70907 129.69817 1.9708511716895876
766 13 65.629105 29.699974 165.8341 1.9302782792923752
767 13 50.297905 149.47208 58.59679 1.7240549017948812
769 13 47.586185 185.99028 4.915139 1.8374629669274263
772 13 85.37169 192.34584 67.57747 1.7431523730011804
773 13 165.76123 161.70872 60.87555 1.4958287160770207
775 13 92.90662 192.67882 59.910988 1.674521671621151
776 13 140.55164 204.22966 3.1348643 2.0066217525502497
777 13 160.44107 32.10552 88.39277 1.4798377926183144
778 13 36.634113 142.61107 173.45445 1.7605939218304099
779 13 102.26345 75.71875 117.322975 1.9713838368810452
780 13 81.60794 183.30421 165.79863 1.55279407241943
781 13 76.98122 42.407494 162.89572 1.6645327772799094
782 13 200.08768 78.37519 169.77406 1.1861950350284352
787 13 45.27859 133.51422 112.59367 1.610566160609396
788 13 101.82451 119.69519 82.89367 1.8093417085522288
789 13 169.32892 43.845486 150.5049 2.1269211751051587
791 13 18.538174 65.06519 182.69572 1.844129915038035
792 13 129.78215 34.252266 36.897 1.5932839174231965
793 13 84.66615 17.03252 104.441765 1.8437574584775633
795 13 147.97781 131.20403 169.85782 1.7573336308905836
796 13 65.74481 185.64407 52.515873 2.059087106236773
797 13 142.31985 138.90216 181.37186 1.0118871695061895
798 13 28.50911 80.57924 169.29335 2.147759075916236
799 13 43.869156 190.98114 2.487327 1.4821247398814412
801 13 161.97707 89.05468 10.058034 1.4066928868874313
803 13 144.55583 62.11733 160.7787 2.1765680352672403
804 13 62.927147 175.25659 47.688545 1.876835965264409
805 13 56.57538 11.926271 69.7791 1.1156821121125482
806 13 65.00026 131.0085 83.02658 1.6768270517249269
807 13 60.714115 139.42433 109.52972 1.5213620618207424
811 13 31.489317 89.71591 144.81888 1.8345270941827874
812 13 60.513824 131.116 77.00397 1.0091127762395409
813 13 165.4875 103.233925 12.023697 1.8453895417258752
814 13 67.784966 118.39758 69.34314 1.7459541030715153
816 13 42.925278 134.2934 169.78145 1.7456216676379734
817 13 93.059685 79.46318 35.21393 1.7794454959806372
818 13 38.636406 83.23246 152.5881 1.7399522678594739
819 13 69.55938 191.13437 104.813515 1.4526741147211821
822 13 51.736507 142.61893 82.98747 1.6418559740769827
823 13 17.250841 154.95766 149.84009 2.191434187526571
824 13 39.586285 43.866188 148.96626 1.386637945538748
825 13 174.59578 21.660473 132.78424 0.9495094600672049
826 13 86.564384 96.607666 25.24999 -0.08622195917308585
827 13 12.418204 43.201885 40.89302 2.00899448673595
835 13 196.93135 124.723274 141.70842 1.644691384751537
836 13 71.48433 115.75361 4.679543 1.7217500293723338
837 13 115.65579 163.86191 139.18413 1.7078343782580125
839 13 33.076965 19.169983 131.7686 1.5609962458729367
841 13 85.23121 24.283005 150.38982 1.8769790804977589
842 13 189.59491 189.53607 65.71292 1.5228968008856292
843 13 183.80014 133.85187 12.91865 1.5515566059184867
844 13 51.227615 95.03296 44.02652 1.8050654632718959
848 13 150.71684 127.02341 64.31287 1.7196826691320737
854 13 88.69137 96.31265 37.32755 1.8946765948695032
855 13 49.387497 107.09193 171.88968 1.9892012461286697
856 13 34.229687 24.458261 144.43123 1.1931290303083086
857 13 118.75823 129.62582 186.07674 1.5390286683207446
860 13 10.281816 12.7428255 172.4582 1.8964276542525482
863 13 167.40762 125.44449 33.648624 1.9673475623235337
864 13 26.65893 180.92123 41.795135 1.0056427302202384
866 13 16.726913 125.119064 196.72327 1.4193535608713517
868 13 81.31586 106.1692 101.6111 1.1986198875115446
869 13 42.134224 48.280273 147.3563 1.7795762622354625
870 13 29.143572 13.219865 140.0734 1.9795660694922907
873 13 54.85959 201.81041 137.43423 1.6216846812618086
875 13 105.282265 87.433556 76.85385 2.103723531052848
876 13 179.34659 61.07433 113.99895 1.9474773040813713
879 13 132.63861 61.57344 125.412605 1.8854120048179395
882 13 30.916372 92.46726 14.156035 2.356789108177728
883 13 85.041374 138.44614 178.43982 1.6778657428427897
884 13 63.978268 125.3322 113.54003 2.2874823165514924
885 13 155.69923 27.985771 94.53272 1.6567218688019087
886 13 121.19165 35.766567 145.94266 1.7797174278625771
889 13 179.95918 157.74205 49.527184 1.893204577507583
890 13 44.064335 129.76721 188.49443 1.7881738896235486
891 13 13.621226 197.87967 175.75124 1.8225573316282382
895 13 159.17316 188.46669 158.48798 1.678045354096167
896 13 116.67551 47.947556 76.576 1.9812676034722094
897 13 50.471348 141.90178 7.0619874 -0.02461781923402587
898 13 126.09682 83.83538 7.910165 1.704822207857995
899 13 183.24266 116.81698 11.545614 0.9244400962847015
900 13 93.491585 17.464073 125.71848 1.2436966797223439
901 13 172.55952 150.98091 165.19058 1.2424522618581657
902 13 123.703125 160.92358 40.730633 1.44527675559535
904 13 185.96422 116.556465 21.075798 1.4071930031545112
905 13 12.083588 178.13673 50.28524 1.0121490633580907
906 13 1.1576144 78.26373 82.18802 1.6213547856253507
908 13 83.144325 2.8968515 81.6709 1.5743862707019753
911 13 145.78485 188.52547 36.44587 2.230752920266806
914 13 138.46265 52.48436 33.58815 1.5011175538328827
916 13 16.418116 193.70511 133.20332 1.2550340313114359
920 13 190.55199 161.46858 44.147327 1.8873458463397996
922 13 37.76581 1.5478852 180.69667 1.3788710028641094
924 13 119.94923 64.36384 154.27956 1.8106444457854989
925 13 156.29459 100.64407 170.19514 1.5295960622208085
931 13 58.501125 45.596973 1.9560469 1.4783012549223824
932 13 139.82037 41.733192 116.11964 1.3196880034596519
933 13 183.74904 54.83812 95.40496 1.8970781244739467
935 13 134.85785 81.47743 176.99738 1.7509443546205674
937 13 108.5744 183.87222 26.569992 1.6127218370878567
938 13 50.835133 48.532063 132.39146 2.041889555492947
939 13 60.987938 24.543362 65.97172 1.7129586573252127
940 13 164.81898 128.77504 163.05602 1.4477552147904091
942 13 111.06112 195.00058 111.34105 1.7042404507287439
943 13 30.559061 27.309198 144.39825 1.80602552377919
945 13 199.59366 196.92354 103.106926 1.672260655667478
947 13 196.83282 79.52695 80.87734 2.0224487331565677
949 13 174.84093 169.60466 100.9429 1.8695945593560543
950 13 3.4122128 2.8479521 144.26566 1.7549013763082524
953 13 101.50401 27.164404 13.731835 1.7297494725811458
954 13 37.266727 190.30206 23.873562 1.7748882140938684
955 13 90.88719 77.15649 33.398968 2.280788864418648
960 13 75.241684 68.52077 51.11595 1.6843821492953184
961 13 97.395096 27.458824 148.74834 1.20999091059368
962 13 32.73036 75.42593 145.22179 1.8652957931028107
965 13 109.55966 150.38 140.83015 1.3110323567841653
968 13 136.50395 185.92215 122.75572 1.1858325724781715
974 13 203.8119 42.155945 47.091778 1.7524120543549258
986 13 84.10394 108.66119 90.299515 2.0223484598234593
987 13 172.4659 55.60719 92.639465 1.6011683546445004
989 13 91.54678 79.06361 34.88607 1.656844467920044
990 13 155.77426 164.85947 168.32059 1.3601298131163473
991 13 21.211 182.13983 53.15993 1.3984008904641767
1000 13 62.241787 178.50621 51.021576 1.8121560411139017
1003 13 59.829628 18.94296 41.600777 1.919678326672166
1005 13 35.429478 85.7605 155.4155 1.0878935958829905
1006 13 55.818237 12.058174 47.91226 1.5849510404033553
1008 13 176.94757 168.26485 109.60009 1.4105590528571847
1009 13 19.279736 14.169214 116.81072 1.7809732277229824
1012 13 113.423225 152.89523 142.95506 1.5194109203075157
1013 13 78.00058 72.642296 57.8017 1.9776401392038878
1016 13 8.611847 113.299164 128.15347 1.6739732322223018
1018 13 64.26349 189.68492 40.957325 1.359281071227775
1025 13 43.189007 83.51985 82.06683 1.5983840657370254
1029 13 106.10586 182.36163 90.240265 1.7537686279346552
1031 13 105.500824 23.76417 92.462326 1.8957729182656442
1039 13 147.69559 132.7018 156.91748 1.820041940672233
1040 13 106.22073 1.2070214 118.072044 1.6254520411739792
1041 13 145.15791 94.33884 162.61058 1.6952266709863253
1045 13 168.47292 52.58742 59.620407 2.302795010329178
1046 13 173.16544 29.211773 156.28647 1.4237305740441908
1047 13 182.51016 115.728745 167.89937 1.496636706119129
1048 13 76.46466 156.11742 81.36678 1.4357576545360786
1049 13 184.78397 32.31083 0.22586401 1.3005563439414496
1051 13 99.96608 157.09946 153.71529 1.1506004843014608
1052 13 20.487452 119.343575 26.198263 1.5812504756389292
1055 13 148.02171 31.363724 163.98637 1.8306470947002633
1066 13 189.11316 192.5664 84.2372 2.046062746771214
1084 13 27.318842 167.83629 60.259098 1.7853106263487628
1095 13 144.8753 61.20062 132.34164 1.6238980491649389
1097 13 24.81714 43.06758 178.71054 1.6729474740253376
1100 13 55.25902 86.25758 152.75418 1.282447856417339
1105 13 23.246231 50.990253 188.98436 2.233657616819993
1110 13 14.831301 176.48941 14.350505 1.9028296948588719
1113 13 49.502674 53.000668 139.5047 1.8202233857962882
1115 13 100.36371 60.76017 39.35183 1.3808416667683592
1124 13 62.939636 139.3279 119.55695 1.2701000672266967
1125 13 10.007931 203.31561 5.424291 1.0401873400470831
1168 13 163.91434 33.76324 163.7134 1.740207371329465
1173 13 140.19922 51.23022 67.09698 1.9261119922771386
1257 13 80.45563 56.93653 110.34073 1.7858934513887648
