93 13 140.08252 30.135979 38.12553 1
93 13 184.67693 63.855934 104.44873 1
93 13 184.764 63.885548 104.67127 1
93 13 184.7863 63.93743 104.50614 1
93 13 19.220177 171.63689 11.740011 1
93 13 65.36004 200.97572 74.890114 1
93 13 65.15987 201.16237 74.73358 1
93 13 65.10196 201.08485 74.67759 1
93 13 39.423565 44.02832 148.79124 1
93 13 39.407352 44.088665 149.13004 1
93 13 39.48173 43.97099 148.67181 1
93 13 12.655089 43.447823 40.750847 1
93 13 12.69271 43.453213 41.144104 1
93 13 12.15908 43.327564 40.67414 1
93 13 12.817428 43.17077 40.992233 1
93 13 10.679467 12.879591 172.65942 1
226 13 63.994724 125.32796 113.54658 1
226 13 63.948788 125.33443 113.5257 1
226 13 111.66227 151.34125 200.85309 1
226 13 129.12991 174.12228 73.694275 1
226 13 169.11064 43.921303 150.4824 1
226 13 169.3514 43.62504 150.42009 1
226 13 190.33751 161.64996 44.250156 1
226 13 190.48181 161.58223 43.863026 1
226 13 190.20505 161.48134 44.183918 1
226 13 172.1319 108.3766 12.121969 1
226 13 172.13512 108.38046 12.103003 1
226 13 172.1362 108.33795 12.159063 1
304 13 45.266674 133.67096 112.61853 1
304 13 73.46316 200.91473 78.048744 1
304 13 165.72214 103.29489 11.794266 1
304 13 165.58061 103.13519 12.279137 1
304 13 95.17117 144.60324 38.16617 1
307 13 14.351956 13.889763 127.11934 1
307 13 93.002815 79.46446 35.238037 1
307 13 83.12995 2.854478 81.606995 1
307 13 14.172666 13.763786 127.10578 1
307 13 14.384946 13.969521 127.257195 1
307 13 14.336637 13.948952 126.90681 1
307 13 60.64142 130.92027 77.07559 1
307 13 60.45163 130.90123 77.07153 1
307 13 60.57927 131.26883 76.814384 1
307 13 126.27815 36.66169 65.80814 1
307 13 1.8810554 200.49545 30.800373 1
307 13 2.0709968 201.1458 31.051846 1
307 13 1.6629767 200.8354 31.522472 1
315 13 196.30933 62.59646 140.3724 1
315 13 166.39203 39.889053 78.83193 1
315 13 166.52328 39.76762 79.068794 1
315 13 111.59784 151.22122 200.69962 1
315 13 74.25258 11.976452 106.51917 1
315 13 31.151861 92.34928 14.387389 1
315 13 30.905325 92.65585 14.367888 1
315 13 84.50238 17.383041 104.42652 1
315 13 84.709915 17.308235 104.7427 1
315 13 84.52487 17.322346 104.61657 1
315 13 140.21461 30.049416 38.64915 1
315 13 140.02116 30.62269 38.11758 1
356 13 41.470856 21.377287 202.70708 1
356 13 19.068733 171.63152 11.768087 1
356 13 119.928 64.37946 154.24826 1
356 13 39.515285 43.82721 148.95169 1
356 13 118.62786 129.55331 186.03015 1
356 13 77.10852 42.301567 162.75452 1
356 13 116.653534 47.840446 76.82976 1
356 13 116.90723 48.021446 76.66807 1
356 13 169.64952 160.10953 68.5327 1
356 13 169.82895 160.15762 68.59166 1
356 13 118.774574 129.45668 186.40471 1
356 13 20.337608 199.34113 56.87586 1
357 13 102.23113 75.57715 117.386154 1
357 13 102.3753 75.769135 117.40884 1
357 13 47.5817 185.92603 4.7358027 1
357 13 47.57697 185.80437 4.9479685 1
357 13 84.86267 17.121635 104.519196 1
357 13 84.580505 16.78484 104.497284 1
357 13 86.32332 153.54292 62.368294 1
357 13 86.41089 153.61534 62.6789 1
357 13 85.84651 153.49939 62.77713 1
357 13 141.86142 58.909405 69.96098 1
357 13 141.7922 58.826866 69.842514 1
357 13 141.253 58.877827 70.399574 1
357 13 11.691153 104.16547 195.19492 1
357 13 11.247213 104.42331 195.84364 1
374 13 166.45761 39.794968 78.95712 1
374 13 129.17221 174.05685 73.699974 1
374 13 85.37515 192.36203 67.49983 1
374 13 85.39595 192.30637 67.62763 1
374 13 20.208122 199.48431 57.334896 1
374 13 184.85898 63.678616 104.55335 1
374 13 184.59587 63.687878 104.646065 1
374 13 65.5112 29.87899 166.05911 1
374 13 65.54596 29.86901 165.6163 1
374 13 76.914246 42.640625 162.5289 1
374 13 77.31253 42.4438 163.0445 1
394 13 118.734795 129.60985 186.08418 1
394 13 84.33391 17.262386 143.98349 1
394 13 1.7583909 200.89142 31.105862 1
394 13 196.40155 62.74216 140.34637 1
394 13 196.27509 62.719254 140.38849 1
394 13 38.718834 83.30916 152.49673 1
394 13 38.665577 83.09595 152.68266 1
394 13 38.763905 83.13008 152.60538 1
394 13 38.735016 83.12161 152.67433 1
394 13 201.73193 71.03576 85.51088 1
394 13 201.7898 70.981964 85.74283 1
394 13 62.09198 178.67639 51.41073 1
394 13 62.150337 178.45096 50.68164 1
394 13 62.18901 178.4322 50.649918 1
394 13 62.219173 178.31602 50.697517 1
394 13 62.1436 178.53412 51.40164 1
394 13 62.13391 178.55132 51.38233 1
394 13 57.31228 45.22908 4.058219 1
394 13 57.25921 45.30788 4.0367727 1
394 13 57.382263 44.878235 3.2294533 1
421 13 11.722654 104.399 195.5862 1
421 13 11.69528 104.455475 195.65067 1
421 13 172.09433 108.28724 11.833134 1
421 13 172.08917 108.262276 11.858049 1
421 13 148.32507 131.3962 169.9676 1
421 13 147.659 130.91422 169.76834 1
421 13 148.16122 130.95357 169.57639 1
423 13 147.35661 132.57652 74.028496 1
423 13 183.50662 57.06604 107.60457 1
423 13 80.95877 152.49146 194.6513 1
423 13 81.06216 152.51793 194.64496 1
423 13 80.96675 152.47655 194.6539 1
423 13 150.52194 127.16165 64.01706 1
430 13 172.58331 53.20294 61.820087 1
430 13 155.88934 164.84325 168.3327 1
430 13 120.02018 64.457085 154.39586 1
430 13 114.82159 25.949827 48.475983 1
430 13 114.679214 25.660551 48.71469 1
430 13 159.805 38.522503 174.25438 1
430 13 159.666 38.561535 174.5715 1
430 13 159.7831 38.780865 174.58531 1
430 13 201.82512 71.25403 85.89247 1
430 13 201.58524 71.21951 85.96356 1
430 13 201.95712 71.207886 85.64584 1
430 13 201.48969 70.85167 85.73425 1
430 13 106.28514 194.56223 125.38261 1
430 13 106.30664 194.4455 125.22451 1
430 13 106.30289 194.38823 125.15629 1
430 13 141.98126 58.88115 69.96133 1
430 13 141.93832 59.122864 70.260185 1
430 13 141.46176 58.369553 70.228935 1
430 13 141.33096 58.42717 70.245705 1
441 13 49.41076 107.074905 171.90329 1
441 13 56.688995 11.923388 69.59923 1
441 13 56.459084 11.808794 69.65561 1
441 13 126.216965 36.842056 65.750496 1
441 13 126.26785 36.672935 66.149025 1
441 13 126.23628 36.903526 65.715126 1
441 13 172.28844 108.0371 11.719473 1
441 13 171.94974 108.44947 11.936621 1
441 13 172.17503 108.28777 11.54479 1
441 13 85.49195 24.055885 150.12146 1
441 13 39.414227 165.97148 53.303257 1
441 13 39.49607 165.27238 52.701176 1
459 13 54.993713 201.79935 137.39323 1
459 13 51.048462 95.02191 44.079563 1
459 13 51.353287 94.87139 44.03901 1
459 13 51.095886 95.155716 44.12448 1
459 13 165.68289 103.19643 11.911312 1
459 13 64.998505 130.68605 83.05644 1
459 13 55.73738 12.323889 48.2386 1
459 13 55.73671 12.344879 48.195755 1
459 13 56.156387 11.942907 47.66638 1
459 13 166.01768 39.932526 79.13698 1
461 13 50.416954 149.41171 58.623722 1
461 13 43.123276 134.30562 169.71127 1
461 13 165.95152 161.59389 60.77176 1
461 13 165.5891 161.80197 60.756332 1
461 13 165.6258 161.77965 61.06743 1
461 13 165.68604 161.46796 60.777695 1
461 13 185.81316 116.302505 21.020653 1
461 13 185.6986 116.5756 20.920952 1
461 13 185.82907 116.758354 20.904823 1
461 13 185.95784 116.734024 20.813103 1
461 13 17.78327 161.8799 202.81358 1
461 13 17.344992 162.2915 202.88643 1
461 13 17.418592 162.13876 203.42136 1
461 13 17.145279 162.0172 203.03352 1
461 13 28.059319 80.52814 169.29692 1
475 13 65.02848 130.97508 83.00554 1
475 13 28.286886 38.804783 134.55038 1
475 13 65.200005 200.9891 74.91029 1
475 13 65.16962 200.96616 74.82886 1
475 13 35.700943 155.53113 76.14895 1
475 13 166.34235 39.664726 78.840355 1
475 13 51.467003 95.058876 43.98047 1
475 13 51.109657 94.85189 43.960342 1
475 13 50.164627 149.30042 58.875706 1
475 13 50.049957 149.40219 58.440113 1
475 13 50.185524 149.68695 58.83945 1
475 13 165.9484 161.53868 61.15027 1
475 13 174.21024 169.66734 128.26096 1
493 13 165.51028 103.260735 12.005005 1
493 13 20.084568 199.4158 57.302044 1
493 13 20.156275 199.42499 57.247555 1
493 13 51.185043 95.03825 44.06613 1
493 13 51.273994 95.004456 43.988922 1
493 13 201.5369 71.10688 85.74161 1
493 13 85.288925 192.51257 67.69562 1
493 13 85.17401 162.0722 7.7108903 1
493 13 84.90237 161.673 7.5949235 1
493 13 60.109604 131.23312 76.817154 1
493 13 60.98403 131.17114 77.095474 1
493 13 60.96845 131.0458 77.15706 1
501 13 28.26206 38.911995 134.52975 1
501 13 123.68367 161.00835 40.712498 1
501 13 169.66641 160.18694 68.26373 1
501 13 88.79928 96.2802 37.47837 1
501 13 88.792274 96.19783 37.20268 1
501 13 88.74514 96.36049 37.508865 1
501 13 65.19948 200.84781 74.73312 1
501 13 65.170975 200.79128 74.75321 1
501 13 65.1974 200.92136 75.11386 1
501 13 49.433273 107.193855 172.19745 1
501 13 49.54245 107.02628 171.6503 1
501 13 49.52124 106.83541 171.76353 1
501 13 41.575714 21.222021 203.0314 1
501 13 41.392807 21.424475 202.32693 1
501 13 41.297806 21.364538 203.10461 1
501 13 41.629486 21.211676 203.02255 1
501 13 2.0985694 200.76343 31.479897 1
501 13 1.6017127 200.96518 31.510757 1
514 13 159.6797 38.754406 174.39682 1
514 13 77.02518 42.411095 162.88553 1
514 13 60.816624 139.41296 109.50319 1
514 13 60.70795 139.48283 109.457664 1
514 13 22.394663 176.60313 18.611532 1
514 13 22.527033 176.57701 18.63088 1
514 13 65.76532 29.67762 165.72348 1
514 13 35.750046 155.7299 76.07658 1
514 13 35.384293 155.54662 76.14014 1
514 13 77.82307 25.241688 12.536987 1
514 13 78.06902 25.208164 12.785637 1
514 13 78.05967 25.235813 12.828079 1
514 13 73.435905 200.38356 78.130394 1
514 13 73.40099 201.20673 77.92798 1
516 13 111.623436 151.31778 200.78813 1
516 13 141.54611 58.863483 70.11148 1
516 13 9.799322 96.75431 182.70406 1
516 13 9.764647 96.59909 182.84706 1
516 13 23.363787 178.03688 18.917606 1
516 13 23.161192 178.05312 18.963966 1
516 13 23.342733 178.06566 18.832502 1
516 13 17.810873 161.95135 202.98055 1
516 13 17.57179 162.25934 202.9404 1
516 13 184.48257 63.940166 104.38258 1
516 13 184.66856 64.14702 104.38519 1
516 13 184.81136 63.594845 104.471825 1
516 13 184.80666 63.63729 104.45763 1
516 13 184.77896 63.59431 104.50133 1
516 13 166.4851 24.222885 39.38387 1
516 13 166.16914 24.861477 39.612232 1
516 13 166.16573 24.028824 39.51173 1
525 13 84.60002 16.973438 104.46117 1
525 13 67.72072 118.36282 69.19592 1
525 13 67.7954 118.55496 69.37503 1
525 13 18.181425 9.448265 101.91005 1
525 13 17.944307 9.692436 101.894714 1
525 13 9.715292 96.93045 182.75238 1
525 13 31.43611 89.78909 144.54465 1
525 13 31.492083 89.9787 145.02425 1
525 13 31.350622 89.80711 144.53696 1
525 13 31.19201 89.69461 144.9424 1
525 13 31.654943 89.943756 144.76111 1
525 13 31.174856 89.79791 144.8429 1
525 13 57.20765 45.38046 3.5670998 1
525 13 57.08385 45.02583 3.590522 1
525 13 128.70325 173.93544 73.575584 1
529 13 77.052986 42.50036 162.77414 1
529 13 76.99733 42.531456 162.79364 1
529 13 12.465774 43.06805 40.71112 1
529 13 12.648347 43.307858 40.833084 1
529 13 12.634248 43.231884 40.808716 1
529 13 93.12742 79.65468 35.476166 1
529 13 92.96591 79.3288 34.92355 1
529 13 11.7313595 104.76816 195.77571 1
529 13 12.04715 104.243 195.46289 1
529 13 11.761129 104.64497 195.93063 1
529 13 11.72031 104.76465 195.79019 1
529 13 166.52881 24.733784 39.72537 1
529 13 166.46645 24.775806 39.703606 1
558 13 63.98971 125.32637 113.51757 1
558 13 50.281166 149.48969 58.60606 1
558 13 161.94284 89.080025 10.089307 1
558 13 65.10034 201.01717 74.85937 1
558 13 166.49597 39.780403 78.92733 1
558 13 166.48135 39.779655 78.90695 1
558 13 166.51094 39.807198 78.963455 1
558 13 57.531918 45.07655 3.5971138 1
558 13 57.47282 45.051067 3.5726388 1
558 13 101.73074 119.69673 82.95629 1
558 13 120.814415 140.16054 194.63043 1
558 13 120.669136 140.17332 194.87576 1
558 13 37.985428 1.3228028 180.72638 1
565 13 132.65674 61.569687 125.425224 1
565 13 20.14019 199.41037 57.297276 1
565 13 16.681091 125.13672 196.69595 1
565 13 1.7558036 200.83878 31.064571 1
565 13 1.8203635 200.78995 31.181057 1
565 13 165.37292 103.20725 12.049126 1
565 13 165.36646 103.25234 12.073509 1
565 13 114.70674 25.507536 48.42109 1
565 13 115.00439 25.637007 48.46164 1
565 13 115.0093 25.75334 48.647697 1
565 13 115.04858 25.744108 48.57602 1
565 13 114.72804 25.486158 48.366615 1
565 13 166.31174 39.460777 79.12233 1
565 13 166.63397 39.900856 78.66321 1
565 13 166.78247 39.738655 79.07654 1
565 13 166.60532 40.204033 78.96672 1
565 13 169.38971 43.739162 150.97404 1
566 13 16.745262 125.12565 196.7081 1
566 13 37.741173 1.5409119 180.71333 1
566 13 150.80753 173.64842 68.21814 1
566 13 166.47928 39.83438 79.05314 1
566 13 166.414 39.81333 79.04116 1
566 13 166.41739 39.79943 78.87118 1
566 13 166.42534 39.871666 79.02648 1
566 13 196.81154 124.68045 141.67422 1
566 13 196.81265 124.71208 141.68826 1
566 13 196.93034 124.7566 141.81635 1
566 13 179.20097 62.56608 117.38139 1
566 13 179.33994 62.667442 117.70233 1
566 13 179.31195 62.69497 117.70592 1
566 13 39.53339 165.74963 53.100178 1
566 13 39.11072 165.50046 52.923008 1
566 13 39.545338 165.72061 53.059452 1
566 13 39.377934 165.74376 53.16454 1
566 13 88.878296 96.431244 37.556095 1
566 13 88.91769 96.502106 37.41866 1
566 13 88.54384 96.586815 37.160236 1
566 13 159.52832 38.606 174.71045 1
566 13 159.9902 38.82394 174.57027 1
566 13 160.01933 38.8456 174.54202 1
566 13 153.923 65.76809 141.74257 1
580 13 105.984436 194.3439 125.296906 1
580 13 62.162766 178.48473 50.953056 1
580 13 150.82167 173.67747 68.28056 1
580 13 63.83902 125.1965 113.48842 1
580 13 64.103294 125.37663 113.71654 1
580 13 63.984535 125.16771 113.40922 1
580 13 133.85788 88.723335 69.72529 1
580 13 133.66806 89.08094 69.603874 1
580 13 133.64633 88.66926 69.6505 1
580 13 85.21217 138.68422 178.42938 1
580 13 85.068504 138.65968 178.64502 1
580 13 84.99664 138.5424 178.74283 1
580 13 85.23579 138.4921 178.65012 1
580 13 85.24246 138.17229 178.47215 1
580 13 85.22287 138.20801 178.40053 1
580 13 134.13293 88.99488 69.73973 1
580 13 133.92981 88.82522 70.06282 1
580 13 134.09523 88.72878 69.852745 1
580 13 133.29974 88.99569 69.59854 1
580 13 179.65393 62.75773 117.557976 1
603 13 120.77256 140.10555 194.76312 1
603 13 114.70823 25.808916 48.57536 1
603 13 64.77136 131.0602 83.11673 1
603 13 64.758835 131.07501 83.12852 1
603 13 64.7838 131.04321 83.107895 1
603 13 172.24164 151.0521 165.29526 1
603 13 145.35545 28.975811 33.822468 1
603 13 144.87627 28.58622 34.01428 1
603 13 189.1624 189.4266 65.896515 1
612 13 54.977936 201.71997 137.2182 1
612 13 80.92033 175.60133 54.126987 1
625 13 101.57447 119.64162 82.8453 1
625 13 43.058586 134.54765 169.98167 1
625 13 43.040718 134.39925 170.10051 1
625 13 170.04121 160.08215 68.55027 1
625 13 169.7828 160.3146 68.6679 1
625 13 170.10403 160.10822 68.54503 1
625 13 169.78421 160.33514 68.68337 1
625 13 169.91278 160.60477 68.49344 1
625 13 169.74274 160.28159 68.70539 1
625 13 135.03401 81.68045 177.37758 1
625 13 134.42548 81.36347 177.12103 1
630 13 97.469734 183.67435 138.30325 1
630 13 56.577393 11.838289 69.90088 1
630 13 28.477676 80.77182 169.39455 1
630 13 104.59777 195.30998 140.9684 1
630 13 19.021988 171.85124 11.94245 1
630 13 19.058578 171.91087 11.903143 1
630 13 19.044128 171.76347 11.99262 1
630 13 19.061073 171.87741 11.841055 1
630 13 19.110535 171.87605 11.890448 1
630 13 19.09806 171.32101 11.686682 1
630 13 147.474 176.87543 139.05252 1
630 13 147.45343 176.9081 139.08412 1
630 13 147.48145 176.74895 138.39966 1
630 13 147.47258 176.26462 138.62773 1
630 13 147.59854 176.99951 138.70694 1
630 13 158.8205 188.69176 158.68364 1
630 13 159.40314 188.6926 158.8615 1
632 13 196.76059 101.918915 81.20443 1
632 13 118.700836 129.5203 185.92679 1
632 13 171.97253 108.07343 11.579901 1
632 13 171.96996 108.09835 11.614691 1
632 13 60.949757 139.65053 109.59397 1
632 13 169.35056 44.19862 150.74217 1
632 13 169.36887 44.154552 150.7345 1
632 13 169.3143 43.684765 150.1365 1
632 13 169.36255 44.138744 150.7385 1
632 13 169.50768 43.460506 150.4711 1
632 13 150.75154 173.20549 68.01277 1
632 13 151.1134 173.36119 67.89353 1
632 13 150.81656 174.01567 68.50987 1
637 13 28.517578 80.587204 169.27948 1
637 13 173.9004 170.08511 128.31863 1
637 13 119.82541 68.991714 193.18163 1
637 13 119.8342 69.00308 193.18353 1
637 13 150.85405 173.7248 68.21702 1
637 13 73.567955 200.74557 78.116776 1
637 13 73.666374 200.91312 78.06158 1
637 13 31.623182 89.860535 144.82996 1
637 13 123.54962 160.89154 40.93942 1
637 13 123.59729 161.13664 40.66602 1
637 13 123.73447 161.14433 40.587597 1
637 13 123.731476 161.09195 40.578915 1
637 13 123.72252 161.15968 40.703495 1
637 13 39.45367 165.69933 52.71329 1
637 13 39.57786 165.62912 52.81368 1
637 13 39.401318 165.91632 52.79633 1
637 13 39.194607 165.8653 52.912342 1
637 13 39.44914 165.6915 52.71481 1
637 13 39.118572 165.65092 53.231876 1
637 13 39.15115 165.66081 53.22816 1
637 13 185.6771 116.640816 21.34121 1
637 13 185.7561 116.86262 21.113312 1
637 13 186.0091 116.89248 20.924576 1
637 13 185.69435 116.562096 21.316772 1
637 13 65.86447 29.451881 166.16208 1
640 13 147.46835 132.66153 74.10912 1
640 13 84.651566 17.019432 104.406136 1
640 13 17.98469 9.527615 101.83405 1
640 13 18.022669 9.505054 101.883446 1
640 13 61.010674 24.567444 65.927315 1
640 13 60.955162 24.59523 65.993965 1
640 13 82.39117 35.194023 163.5022 1
640 13 82.40162 35.22848 163.52936 1
640 13 120.687416 140.21225 194.82935 1
640 13 120.81451 140.1935 194.7004 1
640 13 179.35413 62.520073 117.59151 1
640 13 113.35332 62.070885 191.11823 1
640 13 113.56259 62.23951 190.84586 1
640 13 42.121162 48.169292 147.16159 1
640 13 119.62072 64.37729 154.34723 1
640 13 120.23397 64.53575 154.16302 1
640 13 120.194435 64.5528 154.17188 1
640 13 201.98085 71.30208 85.6109 1
640 13 201.95749 70.90851 85.55934 1
640 13 201.9756 70.99904 85.598495 1
640 13 202.03737 70.92169 85.6374 1
640 13 201.923 71.31986 85.57491 1
640 13 114.90955 25.934752 48.1155 1
642 13 85.35071 192.34296 67.55714 1
642 13 148.01955 131.0806 169.9231 1
642 13 93.11173 79.28495 35.363575 1
642 13 161.80371 88.99041 9.796907 1
642 13 162.27428 88.87194 10.116868 1
642 13 13.938779 13.934288 127.01323 1
642 13 14.23924 13.686005 126.70219 1
642 13 14.504102 13.534576 126.91365 1
642 13 13.961377 13.956497 126.99107 1
652 13 22.468966 176.56837 18.688856 1
652 13 169.77655 160.25525 68.20813 1
652 13 93.034874 79.3889 35.13672 1
652 13 97.201744 183.54245 138.13725 1
652 13 92.447876 192.76862 59.9813 1
652 13 92.843094 193.12672 59.95739 1
657 13 86.033485 153.4297 62.7693 1
657 13 134.97998 81.32236 177.10632 1
657 13 11.678633 104.1705 195.7917 1
657 13 11.960524 104.60779 195.62857 1
657 13 11.431746 104.34081 195.42126 1
657 13 11.925772 104.65573 195.68256 1
657 13 9.857256 96.921455 182.47978 1
657 13 10.002825 96.86427 182.556 1
657 13 10.10396 96.98085 182.8367 1
657 13 42.239952 48.65228 147.0958 1
661 13 28.269705 38.821426 134.59743 1
661 13 159.1481 188.41077 158.51894 1
661 13 85.00191 138.53552 178.40784 1
661 13 85.07363 138.54567 178.45471 1
661 13 85.07914 138.52269 178.45404 1
661 13 1.8550239 200.91113 31.01875 1
661 13 62.31593 178.62997 51.1528 1
661 13 62.314686 178.61932 51.16536 1
661 13 138.48315 52.72499 33.559174 1
661 13 138.35663 52.308937 33.415726 1
661 13 138.4403 52.705536 33.48349 1
661 13 154.8495 132.10373 15.487796 1
661 13 154.97076 131.85672 15.918124 1
661 13 18.739601 171.45663 11.868353 1
661 13 19.183334 171.59695 12.1583 1
665 13 81.00636 175.50343 53.726467 1
665 13 104.59031 195.0404 140.95714 1
665 13 104.54754 195.09448 140.7938 1
665 13 82.45333 35.240807 163.61127 1
665 13 47.670475 186.10081 5.0160837 1
665 13 47.6787 186.08939 5.010957 1
665 13 47.661503 186.11049 5.0058374 1
665 13 47.4988 186.02344 4.8055735 1
665 13 77.66485 25.53133 12.683136 1
665 13 77.69132 25.553265 12.850174 1
665 13 77.978325 25.42117 12.723305 1
665 13 179.3591 62.426216 117.56625 1
665 13 73.97575 12.0373535 106.59886 1
665 13 74.24275 11.838341 106.52984 1
665 13 73.96912 12.055153 106.59416 1
674 13 102.304855 75.74676 117.24903 1
674 13 155.81554 164.63232 168.46358 1
674 13 155.68405 164.64061 168.40285 1
674 13 62.41011 178.40259 50.784958 1
674 13 62.066288 178.20981 50.957275 1
674 13 62.01173 178.28351 50.931595 1
674 13 133.00377 5.047623 194.46973 1
674 13 133.35022 5.0485005 194.12723 1
674 13 49.217003 107.42717 172.2063 1
674 13 49.617935 107.49843 171.86415 1
674 13 49.82633 107.13951 171.65941 1
674 13 49.212543 107.391335 172.22974 1
677 13 39.733654 43.924496 148.86072 1
677 13 60.89983 139.23111 109.49729 1
677 13 60.854465 139.50647 109.73598 1
677 13 60.895603 139.45117 109.72391 1
677 13 42.624878 134.49219 169.8985 1
677 13 42.684586 134.495 169.5936 1
677 13 42.827927 134.0011 170.04721 1
677 13 43.230988 134.10208 169.98413 1
680 13 183.3087 57.151764 107.4638 1
680 13 76.99428 42.413597 162.9529 1
680 13 101.736 123.49297 180.9285 1
680 13 141.63043 58.848297 69.966286 1
680 13 141.66043 59.022095 70.048454 1
680 13 54.870106 201.4905 137.33247 1
680 13 38.72417 83.57307 152.75813 1
680 13 38.77236 83.059715 152.87389 1
680 13 38.55167 83.614876 152.51535 1
680 13 167.54126 125.86948 33.77531 1
680 13 167.8039 125.38158 33.894424 1
686 13 159.27542 188.4992 158.44788 1
686 13 183.96527 133.86392 12.88386 1
686 13 84.83387 17.152683 104.19421 1
686 13 113.61983 62.493942 190.76392 1
686 13 113.429504 62.545906 191.11682 1
686 13 113.156166 61.892998 191.18143 1
686 13 113.663704 62.459274 190.78087 1
686 13 113.15636 61.926376 191.04218 1
686 13 82.07974 34.81404 163.76724 1
697 13 67.78538 118.41195 69.37456 1
697 13 189.60675 189.51434 65.66641 1
697 13 62.255886 178.57062 50.994385 1
697 13 49.3488 106.997856 171.87247 1
697 13 167.50172 125.42605 33.726032 1
697 13 10.340684 12.846433 172.53831 1
697 13 10.362855 12.894437 172.33713 1
697 13 19.231148 171.5116 11.569403 1
697 13 18.899742 171.4432 11.661123 1
697 13 42.158943 48.59645 147.37697 1
697 13 179.6089 62.76551 117.5392 1
697 13 179.57166 62.7638 117.6192 1
697 13 119.39105 68.92356 193.02481 1
702 13 119.92283 64.33238 154.26018 1
702 13 169.3765 43.81638 150.49675 1
702 13 74.216125 11.943043 106.75027 1
702 13 119.88774 69.06147 193.22 1
702 13 119.91843 69.09073 193.15944 1
702 13 126.2101 36.689835 65.93275 1
702 13 126.341 36.710598 65.92423 1
702 13 61.16102 24.479656 65.834114 1
702 13 60.850014 24.633114 66.13694 1
702 13 60.791084 24.707077 66.17034 1
702 13 61.02392 24.24081 65.927986 1
702 13 120.9791 139.86209 194.59514 1
702 13 120.42536 140.10718 194.90118 1
702 13 120.998634 139.98563 194.47672 1
702 13 120.51391 140.37138 195.01157 1
703 13 31.456646 89.76761 144.74744 1
703 13 41.47924 21.489431 202.77689 1
703 13 41.530655 21.509542 202.67064 1
703 13 41.36445 21.418478 202.63773 1
703 13 167.3388 125.33226 33.518513 1
703 13 183.73338 133.86621 13.183451 1
703 13 183.99225 133.92905 12.836695 1
703 13 183.70053 133.68332 12.779856 1
703 13 183.9235 134.04883 12.856546 1
703 13 84.22373 17.04973 143.79482 1
703 13 84.235435 17.060549 143.77567 1
703 13 84.21216 17.015718 143.8225 1
703 13 84.3848 17.373735 143.6704 1
703 13 84.39174 17.246279 143.66548 1
703 13 84.21256 16.925966 144.09215 1
703 13 16.89993 125.33118 196.3962 1
703 13 17.096682 124.86066 196.74599 1
703 13 84.95677 16.734241 104.256645 1
703 13 85.07121 16.767017 104.546745 1
709 13 123.70975 160.97804 40.71996 1
709 13 198.49286 193.01645 101.6606 1
709 13 77.79577 25.420399 12.882212 1
709 13 81.017006 175.50578 53.831913 1
709 13 174.06396 170.18459 128.0808 1
709 13 174.06798 170.42839 128.37148 1
709 13 173.72766 169.91986 127.94396 1
709 13 173.90738 170.39151 128.18825 1
713 13 129.21706 174.12836 73.64493 1
713 13 111.71628 151.27248 200.84494 1
713 13 111.54776 151.37607 200.83781 1
713 13 111.56888 151.327 200.86627 1
713 13 111.53984 151.34558 200.85736 1
713 13 138.33932 52.497055 33.610386 1
713 13 155.68454 164.96985 168.271 1
713 13 155.63171 164.82683 168.34734 1
713 13 155.63536 164.81364 168.36147 1
713 13 83.27682 2.7685823 81.72099 1
713 13 169.61922 160.19702 68.11749 1
713 13 169.94194 160.45995 68.215515 1
713 13 82.37322 35.443405 163.43498 1
713 13 82.53721 35.36743 163.52386 1
713 13 85.42402 138.27698 178.4899 1
713 13 84.84362 138.72867 178.60815 1
713 13 12.869483 43.146675 40.78628 1
718 13 167.42673 125.4418 33.65678 1
718 13 42.24272 48.410767 147.40303 1
718 13 42.33403 48.219467 147.29256 1
718 13 106.157394 194.24974 125.4324 1
718 13 106.220474 194.36292 125.27449 1
718 13 106.08265 194.34036 125.497215 1
718 13 106.20197 194.29738 125.36397 1
718 13 189.3551 189.67943 65.54273 1
718 13 189.92165 189.50696 65.80581 1
718 13 189.8678 189.45947 65.76517 1
718 13 116.26418 48.05902 76.57462 1
718 13 116.35892 47.6985 76.714325 1
718 13 117.0403 47.79431 76.61817 1
718 13 116.27162 48.0383 76.57952 1
719 13 38.642952 83.2488 152.5956 1
719 13 51.22957 95.01897 44.00612 1
719 13 56.57701 11.946085 69.79823 1
719 13 56.55725 11.910032 69.794525 1
719 13 84.92944 162.02359 7.5787034 1
719 13 62.172268 178.59229 50.97354 1
719 13 169.33766 43.89455 150.34389 1
719 13 169.41965 43.845543 150.61597 1
719 13 169.35509 43.920555 150.35078 1
719 13 165.72375 161.75012 60.669815 1
719 13 165.74178 161.75554 60.67758 1
719 13 22.400736 176.50719 18.449293 1
719 13 22.355692 176.5108 18.412764 1
719 13 22.407495 176.57735 18.423368 1
719 13 22.411722 176.52167 18.44171 1
719 13 22.663187 176.39825 18.565977 1
719 13 22.380762 176.5678 18.417418 1
719 13 22.397303 176.51822 18.44995 1
719 13 22.410105 176.5238 18.438353 1
719 13 148.06828 131.0175 169.62933 1
719 13 147.9567 130.99496 169.57185 1
719 13 148.12418 130.96335 169.80214 1
719 13 93.002785 79.222 34.939285 1
719 13 51.101746 94.66791 43.724503 1
719 13 51.428833 95.40318 44.261627 1
719 13 51.115723 94.65636 44.30594 1
721 13 159.11497 188.48201 158.50572 1
721 13 85.45322 192.33505 67.51622 1
721 13 85.41794 192.33618 67.49742 1
721 13 102.19346 75.733246 117.41119 1
721 13 177.48788 3.903634 8.465397 1
721 13 173.75543 170.09299 128.41133 1
721 13 173.721 170.12976 128.35474 1
721 13 173.89964 170.02385 128.49695 1
721 13 173.73036 170.08536 128.40948 1
721 13 154.81525 131.9912 15.707721 1
721 13 154.86948 132.07962 15.582461 1
721 13 113.43863 62.24141 191.3316 1
721 13 113.175064 62.281113 191.04872 1
721 13 113.39647 61.909393 190.83908 1
721 13 28.636124 80.91611 169.17874 1
721 13 28.343048 80.86612 169.10637 1
721 13 28.652023 80.36719 169.65965 1
721 13 28.574585 80.93808 169.31674 1
721 13 50.32493 149.01942 58.754414 1
721 13 50.13723 149.75916 58.941944 1
721 13 50.349937 149.95976 58.581852 1
721 13 50.524086 149.1571 58.340595 1
726 13 11.59252 104.42667 195.52916 1
726 13 42.960594 134.13841 169.72351 1
726 13 177.20856 3.9722223 8.265049 1
726 13 6.758855 75.86692 129.905 1
726 13 6.425412 75.61251 129.65825 1
726 13 6.407918 75.83123 129.74675 1
726 13 39.64314 43.674828 149.31715 1
726 13 39.420994 43.890755 148.63248 1
726 13 39.183285 43.89068 148.8102 1
726 13 84.965454 24.089478 150.04738 1
726 13 85.210724 24.483475 150.81993 1
726 13 85.64696 24.10611 150.42715 1
727 13 198.54065 192.84712 101.58269 1
727 13 198.52362 192.84727 101.58719 1
727 13 196.96521 124.61773 141.59439 1
727 13 196.8613 124.64825 141.82382 1
727 13 145.2005 28.555061 34.2106 1
727 13 145.18707 28.482658 34.1253 1
727 13 145.29507 28.481758 33.865643 1
727 13 145.20381 28.516273 34.161552 1
727 13 145.36914 28.47921 33.806263 1
727 13 76.83347 42.166725 162.97098 1
727 13 132.94727 61.422485 125.18732 1
727 13 132.62135 61.271347 125.217384 1
728 13 28.08471 39.03552 134.70767 1
728 13 47.47106 185.71101 5.251237 1
728 13 14.454417 14.185132 126.77651 1
729 13 133.29774 4.6540456 194.4231 1
729 13 133.20961 4.781533 194.53076 1
729 13 47.980087 112.24049 174.141 1
729 13 48.05103 112.16513 174.51682 1
729 13 47.978836 112.2374 174.51193 1
729 13 105.86604 194.50554 125.52676 1
729 13 106.212006 194.50269 125.43726 1
729 13 105.83025 194.65683 125.38771 1
729 13 106.18059 194.46951 125.43206 1
729 13 105.874084 194.47754 125.56599 1
729 13 176.9449 4.062051 8.308128 1
729 13 177.32774 4.2757196 8.524126 1
729 13 177.60616 3.7717524 8.59675 1
729 13 177.30957 4.1150904 8.660019 1
729 13 165.24179 103.63802 12.101021 1
732 13 9.596735 96.720406 182.73293 1
732 13 9.632807 96.75651 182.67177 1
732 13 196.46007 102.03345 81.01603 1
732 13 196.46478 102.01188 81.00536 1
732 13 196.40039 102.036835 81.19956 1
732 13 196.46162 102.0352 80.98693 1
732 13 178.96832 62.49369 117.446526 1
732 13 179.53786 62.542126 117.539536 1
732 13 178.95222 62.499916 117.426216 1
732 13 28.009985 38.726067 134.3817 1
732 13 28.025381 38.745106 134.34825 1
732 13 27.93987 38.6691 134.51567 1
745 13 19.01493 171.56717 11.708639 1
745 13 134.85168 81.55443 176.93361 1
745 13 150.72855 126.90018 64.46768 1
745 13 150.867 126.9456 64.390274 1
745 13 31.162046 92.3437 14.18344 1
745 13 30.767073 92.64704 14.003127 1
745 13 196.64534 62.76382 140.38344 1
745 13 196.56079 62.852337 140.28061 1
745 13 196.29366 62.458317 140.61444 1
745 13 196.65753 62.488846 140.42386 1
745 13 196.65067 62.82105 140.36557 1
745 13 196.64474 62.51817 140.3953 1
745 13 196.63544 62.46497 140.40343 1
745 13 196.53384 62.376568 140.54791 1
745 13 196.63919 62.449963 140.38757 1
748 13 19.080711 171.55997 11.85858 1
748 13 67.902626 118.62641 69.313515 1
748 13 22.991282 178.09473 19.144482 1
748 13 23.005533 178.43454 19.054722 1
748 13 23.222605 178.01198 18.694386 1
748 13 23.052027 178.43448 19.017841 1
748 13 23.151377 178.47269 19.095005 1
748 13 23.015772 178.44028 18.962864 1
748 13 82.83082 3.1357927 81.66868 1
748 13 83.18107 3.2101603 81.93471 1
748 13 80.5892 175.32793 53.996807 1
751 13 38.677147 83.11964 152.64539 1
751 13 153.95502 66.08575 142.0477 1
751 13 154.01909 66.14097 141.94629 1
751 13 97.72597 183.52048 138.46982 1
751 13 97.22417 183.40819 138.51486 1
751 13 97.7249 183.51169 138.46988 1
751 13 97.801636 183.87947 138.4498 1
753 13 196.69998 101.87721 81.095955 1
753 13 172.68013 53.497314 61.648365 1
753 13 39.239864 165.98431 53.0535 1
755 13 134.86171 81.4498 177.04785 1
755 13 134.84326 81.43046 177.03136 1
755 13 134.83832 81.44786 177.03868 1
755 13 172.02939 108.15329 11.870657 1
755 13 185.87617 116.49925 21.06652 1
755 13 185.93835 116.52457 21.154228 1
755 13 185.96872 116.48809 21.147285 1
755 13 189.59206 189.44562 65.79878 1
755 13 16.73956 124.98153 196.78166 1
755 13 134.81552 81.30887 177.11703 1
755 13 28.419106 80.57468 169.53279 1
755 13 28.539398 80.77912 169.44754 1
755 13 28.446442 80.52199 169.52644 1
755 13 28.454838 80.55797 169.56616 1
755 13 17.492437 161.85509 203.28003 1
755 13 17.425756 162.19376 202.81706 1
755 13 17.644613 162.26572 202.84589 1
755 13 17.519003 162.07285 203.36224 1
755 13 190.60953 161.27481 44.448414 1
755 13 190.64542 161.36243 44.528904 1
755 13 190.45407 161.66318 43.860386 1
755 13 190.62099 161.34882 44.575962 1
757 13 183.29506 57.16707 107.47872 1
757 13 47.612534 185.99545 4.878785 1
757 13 60.51812 131.172 76.94846 1
757 13 84.83029 161.93971 7.4364457 1
757 13 84.98469 138.42496 178.2657 1
757 13 85.12639 138.2869 178.50136 1
757 13 55.97783 11.913734 47.81056 1
757 13 55.787514 11.828072 47.938976 1
757 13 55.938187 11.990166 47.703777 1
757 13 55.976154 11.927162 47.78349 1
757 13 55.873657 11.914207 48.119297 1
757 13 55.610683 12.074242 47.988163 1
757 13 55.71431 11.968727 47.68349 1
757 13 165.90202 161.50053 61.02501 1
757 13 165.98218 161.50514 60.992073 1
757 13 165.87332 161.42462 61.015793 1
757 13 165.90456 161.64159 61.110626 1
757 13 165.7063 161.79604 60.61409 1
757 13 165.8524 161.57281 61.184242 1
757 13 88.705 96.304565 36.917484 1
757 13 88.69952 96.53635 37.00162 1
757 13 39.663105 43.552696 148.646 1
758 13 48.11612 112.19858 174.4137 1
758 13 183.64499 133.81126 13.054174 1
758 13 183.94427 133.87071 12.8076 1
758 13 183.94635 133.87082 12.766539 1
758 13 183.64468 133.7991 13.049055 1
758 13 47.733997 185.74443 5.02818 1
758 13 47.50912 186.04987 4.62827 1
758 13 47.468174 185.79678 5.1261034 1
758 13 135.21237 81.6138 176.81276 1
758 13 134.6258 81.33812 177.27997 1
758 13 18.841682 171.81796 12.140726 1
758 13 18.987694 171.84795 12.132586 1
758 13 19.102127 171.36917 12.14007 1
760 13 67.85414 118.388466 69.35108 1
760 13 39.63992 43.920513 148.90555 1
760 13 17.64158 161.9618 203.09317 1
760 13 166.43018 24.353611 39.428482 1
760 13 67.91157 118.09871 69.481544 1
760 13 104.73963 194.74828 141.17831 1
762 13 141.49089 58.79048 70.16274 1
762 13 76.87032 42.377945 162.95396 1
762 13 76.936874 42.30845 162.9107 1
762 13 76.872734 42.36155 162.92514 1
762 13 76.891884 42.39377 162.95618 1
762 13 101.64803 119.63815 82.878914 1
762 13 101.64488 119.691025 83.005165 1
762 13 101.9959 119.70889 82.83915 1
762 13 101.94921 119.59937 82.81493 1
762 13 97.48038 183.93742 138.4234 1
762 13 97.44765 183.95268 138.4101 1
762 13 64.83051 200.97983 74.91742 1
762 13 65.15846 201.31851 74.97383 1
762 13 64.831764 200.99803 74.91568 1
762 13 65.03511 201.31108 75.03731 1
762 13 155.478 131.88454 15.446155 1
762 13 154.94298 132.20471 15.877505 1
762 13 154.8319 131.71864 15.885837 1
763 13 55.7957 12.090218 47.90335 1
763 13 147.42982 132.58905 74.17731 1
763 13 77.89265 25.268953 12.730198 1
763 13 77.874794 25.510248 12.811676 1
763 13 116.7552 47.84916 76.74251 1
763 13 196.56145 62.451866 140.4415 1
763 13 196.30756 62.507706 140.61194 1
763 13 1.734632 200.71692 31.411617 1
763 13 1.7433448 200.63324 31.392887 1
763 13 1.7797217 200.61963 31.38966 1
763 13 1.7513099 200.66402 31.352299 1
763 13 111.411285 151.09389 201.09995 1
765 13 39.28968 165.66422 53.085514 1
765 13 39.21779 165.65215 52.92011 1
765 13 39.24019 165.6228 52.921192 1
765 13 42.270664 48.268684 147.3209 1
765 13 42.049164 48.305733 147.20813 1
765 13 20.079226 199.52133 57.106 1
765 13 20.037695 199.46759 57.12187 1
765 13 74.349266 99.211105 156.06252 1
765 13 74.26367 99.1615 156.1165 1
765 13 150.53331 173.66989 68.08249 1
765 13 150.77878 173.74396 67.912796 1
765 13 150.63718 173.65666 67.89836 1
765 13 151.10738 173.46901 68.28339 1
765 13 37.943436 1.489505 181.01323 1
765 13 38.053066 1.3639634 180.97945 1
765 13 65.53185 200.88112 75.11165 1
766 13 9.756899 96.70719 182.81584 1
766 13 12.420432 43.173492 40.915222 1
766 13 123.71205 160.90244 40.79652 1
766 13 42.87941 134.36154 169.74802 1
766 13 42.893265 134.35814 169.70139 1
766 13 39.534138 43.969524 148.89497 1
766 13 39.50771 43.772385 149.00208 1
766 13 39.528103 43.941708 148.90715 1
766 13 153.95177 66.37354 141.96117 1
766 13 153.83585 66.34194 141.88858 1
766 13 80.82725 175.24387 53.824512 1
766 13 20.35653 199.18648 57.23968 1
766 13 138.66495 52.63174 33.33397 1
766 13 138.7699 52.532135 33.26764 1
766 13 138.2751 52.204407 33.729538 1
766 13 138.48154 52.328903 33.968246 1
766 13 198.7349 193.29898 101.41089 1
767 13 22.439707 176.47357 18.618586 1
767 13 141.60785 58.760406 70.11841 1
767 13 80.75636 152.87933 194.79433 1
767 13 80.914795 152.71823 194.47198 1
767 13 73.424065 200.99065 78.10376 1
767 13 73.42587 201.00616 78.05031 1
767 13 61.163372 24.212765 65.85014 1
769 13 145.21698 28.59002 33.96107 1
769 13 95.43982 144.34789 37.92204 1
769 13 118.86126 129.51988 186.33987 1
769 13 118.90742 129.3229 186.08556 1
769 13 118.88849 129.30185 186.06445 1
769 13 27.300323 68.68588 203.7257 1
772 13 159.63202 38.76388 174.39381 1
772 13 54.859688 201.9042 137.39319 1
772 13 113.30386 62.06772 191.1535 1
772 13 113.26809 62.12268 190.80672 1
772 13 113.34004 62.085495 190.82513 1
772 13 113.31932 62.343918 191.139 1
772 13 113.28237 62.34665 191.11087 1
772 13 113.334335 61.982056 191.13907 1
772 13 113.23901 62.14395 191.11583 1
772 13 80.60982 152.93759 194.85095 1
772 13 80.85891 153.1254 194.85788 1
772 13 80.67552 152.49869 194.78995 1
772 13 83.948 17.513536 143.91258 1
773 13 186.01169 116.65543 21.14317 1
773 13 166.05276 24.568455 39.571938 1
773 13 166.2744 24.588367 39.635605 1
773 13 166.04945 24.58469 39.57739 1
773 13 41.621902 21.582083 202.8445 1
773 13 41.773117 21.394232 202.58421 1
773 13 119.65592 64.641945 154.35886 1
773 13 120.35612 64.323586 154.25345 1
773 13 119.56779 64.54839 154.43323 1
775 13 93.03021 79.48578 35.25166 1
775 13 133.72644 88.850395 69.78364 1
775 13 86.116714 153.4007 62.50177 1
775 13 132.6977 61.696762 125.42419 1
775 13 9.8471775 96.83685 182.82765 1
775 13 97.26063 183.658 138.41124 1
775 13 97.38292 183.53767 138.20724 1
775 13 97.283844 183.65953 138.3912 1
775 13 150.60097 127.08118 64.09728 1
775 13 153.8847 65.91384 141.96535 1
775 13 154.11072 66.44022 141.87585 1
775 13 50.087532 149.68112 58.33178 1
775 13 50.198242 149.0804 58.573868 1
775 13 47.831673 112.43709 174.46898 1
775 13 48.155716 111.86517 174.71745 1
779 13 114.66757 25.707777 48.604034 1
779 13 141.43015 58.84577 70.27927 1
779 13 80.95648 175.26389 53.61233 1
779 13 80.8844 175.29977 53.626354 1
779 13 84.88275 161.73077 7.5310807 1
779 13 84.6738 161.8634 7.4620805 1
779 13 84.69532 161.83635 7.5284257 1
779 13 60.34056 130.8432 77.00959 1
779 13 60.486145 131.17126 76.71682 1
779 13 60.57299 131.38461 77.087685 1
779 13 184.57251 63.810474 104.17966 1
781 13 190.54337 161.50558 44.08254 1
781 13 190.52106 161.46342 44.075687 1
781 13 92.946754 192.72064 59.980217 1
781 13 92.89329 192.7156 59.819298 1
781 13 155.00784 131.96545 15.514667 1
781 13 155.04886 131.85242 15.708926 1
781 13 147.41449 176.57672 138.66974 1
781 13 28.209906 38.932247 134.40634 1
781 13 28.401793 38.873627 134.40086 1
781 13 28.211432 38.843285 134.36452 1
781 13 80.981995 152.75174 194.82079 1
781 13 133.83224 88.59558 69.853355 1
781 13 133.88089 89.15384 69.7102 1
781 13 133.58447 88.6433 69.519966 1
781 13 133.7944 88.57759 69.841545 1
781 13 133.77844 88.599075 69.86092 1
781 13 73.9535 11.760941 106.922905 1
781 13 73.986565 11.901665 106.98577 1
781 13 74.32504 11.641617 106.88114 1
781 13 9.95038 96.34792 182.59142 1
787 13 16.67495 125.173294 196.70782 1
787 13 19.106087 171.73293 11.868269 1
787 13 18.966927 171.7582 11.771902 1
787 13 16.53907 125.09656 196.89275 1
787 13 196.92813 102.04013 80.89828 1
787 13 167.47156 125.105606 33.934963 1
787 13 167.46829 125.81302 33.812122 1
787 13 16.833847 125.476685 197.0466 1
787 13 17.100819 125.197296 196.46486 1
788 13 9.747339 96.73385 182.81805 1
788 13 63.997776 125.26843 113.55926 1
788 13 189.5712 189.62277 65.706856 1
788 13 189.64929 189.44391 65.70821 1
788 13 189.56897 189.44171 65.66776 1
788 13 114.57335 25.817938 48.46721 1
788 13 37.788506 1.7038987 180.88225 1
788 13 37.721306 1.7738068 180.63501 1
788 13 37.50814 1.6391327 180.73703 1
788 13 37.70408 1.3067505 180.6279 1
788 13 129.07549 173.75919 73.644424 1
788 13 129.34592 174.12549 73.93398 1
788 13 129.02463 173.95961 73.93219 1
788 13 6.4066668 75.79439 129.43875 1
789 13 196.37448 62.65262 140.37961 1
789 13 80.80593 152.63045 194.58894 1
789 13 80.8435 152.91847 194.6921 1
789 13 80.85468 152.64978 194.56776 1
789 13 83.18113 3.1389055 81.74513 1
789 13 121.2523 140.26295 194.8118 1
793 13 35.50453 155.53943 76.21026 1
793 13 54.98317 201.83067 137.57053 1
793 13 10.104646 12.808362 172.27252 1
793 13 10.445657 12.801047 172.5993 1
793 13 22.580446 176.22119 18.733358 1
793 13 22.178774 176.32143 18.659506 1
793 13 22.149126 176.521 18.553198 1
793 13 22.167505 176.36877 18.645063 1
793 13 22.150034 176.52937 18.480253 1
793 13 84.06971 16.969234 144.05994 1
793 13 84.009575 17.193056 143.68153 1
793 13 84.00893 17.056644 143.75334 1
793 13 119.75747 64.267746 153.86652 1
795 13 189.57556 189.53587 65.791824 1
795 13 31.380308 89.72417 144.86707 1
795 13 84.2711 17.252855 143.8479 1
795 13 84.17491 17.229265 144.06567 1
795 13 183.80238 133.68434 13.177469 1
795 13 183.51436 133.85411 13.049326 1
795 13 184.11203 134.00511 12.915293 1
795 13 183.6658 133.63956 12.706461 1
795 13 183.47015 133.86406 13.024576 1
795 13 183.79382 133.67732 13.20196 1
795 13 65.20712 200.75993 74.542465 1
795 13 65.08063 200.74414 74.55214 1
795 13 64.81093 201.04482 74.99478 1
795 13 38.992058 83.02293 152.39445 1
795 13 38.24331 82.95576 152.50037 1
798 13 116.692604 47.97281 76.42608 1
798 13 159.51512 38.679256 174.32979 1
798 13 159.72539 38.81959 174.5539 1
798 13 49.280987 107.31002 172.00162 1
798 13 49.137794 107.012634 171.98389 1
798 13 18.235634 9.491615 101.55415 1
798 13 36.009773 155.5412 76.07256 1
798 13 35.559387 155.27274 76.13683 1
801 13 74.54321 99.06458 156.16959 1
801 13 74.331024 99.273094 156.38013 1
801 13 74.41409 99.103714 156.4874 1
801 13 74.52931 98.991066 156.19096 1
801 13 102.44401 75.61459 117.15646 1
801 13 102.41158 75.53869 117.36879 1
801 13 102.43972 75.5908 117.17916 1
801 13 197.18161 124.526924 141.82623 1
801 13 197.19388 124.80469 141.77446 1
801 13 60.750412 130.81699 77.06464 1
801 13 60.67209 130.72073 77.095085 1
801 13 60.33551 131.45987 77.07247 1
805 13 84.252014 17.343765 143.94179 1
805 13 88.59395 96.07313 37.29356 1
805 13 102.138306 75.405136 117.36156 1
805 13 102.27822 75.43129 117.50184 1
805 13 102.12457 75.9532 117.19331 1
805 13 101.917175 75.741165 117.167145 1
805 13 102.33325 75.35306 117.467766 1
805 13 102.2621 75.34415 117.31246 1
806 13 85.22856 24.29152 150.36034 1
806 13 133.6878 88.85726 69.72876 1
806 13 184.66896 63.837505 104.54452 1
806 13 169.79205 160.24998 68.338646 1
806 13 172.68146 53.273193 61.843555 1
806 13 84.89803 161.86967 7.571837 1
806 13 155.94763 164.91312 168.34866 1
806 13 65.77914 29.558937 165.99869 1
806 13 65.49263 29.684196 165.6224 1
806 13 14.368886 13.567192 127.19762 1
806 13 31.858725 89.80838 144.9949 1
806 13 31.490705 89.37915 144.59366 1
806 13 17.200495 161.84293 202.83522 1
806 13 18.001337 162.11392 203.22171 1
806 13 17.961008 162.32112 203.1636 1
807 13 30.930338 92.54569 14.09233 1
807 13 60.964115 24.628353 66.102776 1
807 13 61.002903 24.702618 65.992096 1
807 13 60.877487 24.608746 65.88962 1
807 13 67.64435 118.29547 69.296295 1
807 13 67.66057 118.27954 69.298584 1
807 13 16.729778 124.93761 197.00024 1
807 13 16.56894 125.12779 197.02979 1
807 13 18.092966 9.460548 102.23469 1
807 13 18.237688 9.434578 102.14606 1
807 13 18.175604 9.719383 102.19071 1
807 13 73.863365 11.777725 106.965454 1
811 13 9.831827 96.726685 182.80576 1
811 13 9.807043 96.712135 182.86472 1
811 13 41.5363 21.407133 202.75287 1
811 13 23.206135 178.30922 19.031368 1
811 13 22.460981 176.39404 18.762037 1
811 13 35.638435 155.33217 76.10035 1
811 13 35.62136 155.43051 76.45168 1
811 13 35.82147 155.85373 76.12443 1
811 13 35.76576 155.42545 76.04609 1
811 13 73.78182 201.14854 77.89941 1
811 13 73.82618 200.47763 77.76498 1
811 13 73.63433 201.07927 77.69169 1
811 13 73.741165 201.20358 77.84254 1
811 13 73.60075 200.4032 77.97941 1
811 13 73.63699 201.01978 77.679924 1
811 13 88.550644 96.12362 36.90682 1
812 13 133.28177 4.543999 194.52698 1
812 13 198.60638 193.09305 101.90042 1
812 13 198.61772 193.19585 101.85831 1
812 13 198.53694 192.70638 101.88874 1
812 13 165.17053 103.51269 11.86319 1
812 13 165.17844 103.39956 11.847595 1
812 13 165.1774 103.49918 11.989342 1
812 13 165.4651 102.94199 12.251656 1
812 13 106.40416 194.29274 125.26044 1
812 13 106.355316 194.10902 125.408195 1
813 13 162.08836 88.98144 10.229197 1
813 13 84.48117 17.254198 144.13211 1
813 13 159.17159 188.2265 158.33632 1
813 13 159.14044 188.63406 158.71722 1
813 13 101.90623 123.56004 180.39368 1
813 13 101.48382 123.72295 180.8607 1
813 13 56.430664 11.484652 69.61344 1
813 13 56.511047 11.61146 69.41757 1
814 13 167.39355 125.59425 33.642315 1
814 13 167.42822 125.55199 33.754047 1
814 13 167.47672 125.369446 33.540516 1
814 13 1.7355933 200.732 30.920078 1
814 13 148.05421 131.2887 170.09373 1
814 13 74.45252 99.22669 156.61182 1
814 13 74.523834 99.31734 156.11693 1
814 13 74.484985 99.28032 156.58842 1
814 13 159.22717 188.83598 158.4245 1
814 13 158.97661 188.11435 158.47256 1
814 13 159.1909 188.836 158.46103 1
814 13 159.20865 188.84482 158.4154 1
814 13 118.70342 129.25037 186.3631 1
816 13 55.82322 12.086967 47.973278 1
816 13 93.111465 192.74593 59.94686 1
816 13 92.95414 192.62878 59.715828 1
816 13 92.70979 192.60771 59.945854 1
816 13 41.23523 21.377707 202.67949 1
816 13 92.86067 192.8919 60.123894 1
816 13 22.145948 176.32579 18.76895 1
816 13 22.232183 176.90724 18.650312 1
816 13 22.84165 176.594 18.713133 1
816 13 22.72009 176.24284 18.729002 1
816 13 22.082743 176.51398 18.625135 1
816 13 17.541037 155.13414 149.5348 1
816 13 16.874834 154.86711 149.54825 1
816 13 17.716036 155.01788 149.87535 1
817 13 76.924774 42.371796 162.85118 1
817 13 133.77542 88.878365 69.80843 1
817 13 11.769346 104.4638 195.43077 1
817 13 11.7694 104.42475 195.42287 1
817 13 147.54266 131.37106 169.8057 1
818 13 28.478638 80.610886 169.2988 1
818 13 189.60138 189.55878 65.656265 1
818 13 35.607822 155.6685 76.311134 1
818 13 35.562965 155.6987 76.25324 1
818 13 10.275613 12.621694 172.47388 1
818 13 10.311269 12.623456 172.41446 1
818 13 10.249501 12.861966 172.4655 1
818 13 85.364395 24.126564 150.4087 1
818 13 85.25298 24.105988 150.43904 1
818 13 82.8502 2.9471827 81.50444 1
818 13 198.42834 193.29424 101.410706 1
818 13 198.64816 192.81491 101.99434 1
818 13 198.1807 193.0449 101.47687 1
818 13 154.96973 132.32487 15.340732 1
818 13 155.1688 131.75403 16.065617 1
818 13 155.47287 131.64145 15.663699 1
823 13 6.6744795 75.815025 129.74048 1
823 13 83.19295 3.041459 81.65694 1
823 13 129.21848 174.27805 73.62268 1
823 13 57.580658 45.374798 3.7493737 1
823 13 57.420708 45.211147 3.3140252 1
823 13 57.224434 45.17094 3.4362786 1
823 13 129.31862 174.36948 73.866806 1
824 13 6.7039423 75.708206 129.6845 1
824 13 30.958921 92.411224 14.065169 1
824 13 183.39685 57.080208 107.40429 1
824 13 84.78496 138.48782 178.3443 1
824 13 150.43784 127.116974 64.24779 1
824 13 150.43271 127.072464 64.22151 1
824 13 150.40869 127.14961 64.27159 1
824 13 177.40102 4.26217 7.992939 1
824 13 176.9862 3.692071 8.258335 1
824 13 177.426 4.306859 8.622318 1
827 13 173.66742 170.10385 128.2176 1
827 13 102.20367 119.52434 82.90732 1
827 13 102.01894 119.413025 82.60109 1
827 13 102.20938 119.709625 82.92789 1
827 13 183.48013 56.732914 107.36484 1
827 13 183.77055 57.373116 107.58497 1
835 13 80.88523 152.79926 194.67796 1
835 13 80.89443 152.84496 194.63757 1
835 13 84.64319 17.113102 104.23814 1
835 13 166.33913 39.63125 78.85557 1
835 13 48.257126 112.339325 174.42122 1
835 13 16.927126 154.701 149.83875 1
835 13 17.59189 154.73553 149.75648 1
841 13 67.716515 118.47022 69.37218 1
841 13 67.689705 118.42552 69.32674 1
841 13 67.73522 118.48697 69.33592 1
841 13 201.50934 71.1046 85.75021 1
841 13 186.0617 116.66876 20.930473 1
841 13 93.07175 192.49063 59.888847 1
841 13 92.917465 192.72214 60.161568 1
841 13 166.02176 24.607796 39.682735 1
841 13 85.03239 162.35089 7.738463 1
841 13 84.583496 162.23753 7.6426835 1
841 13 101.5409 120.01823 82.74621 1
842 13 147.55887 132.54796 74.26118 1
842 13 147.44566 176.86235 138.65811 1
842 13 147.50305 176.82399 138.68492 1
842 13 145.25214 28.941383 33.967907 1
842 13 145.18948 28.84539 33.87299 1
842 13 183.60016 133.67868 13.161661 1
842 13 161.54788 89.27595 9.956822 1
843 13 39.23968 165.59898 52.853542 1
843 13 39.313168 165.58107 53.152653 1
843 13 17.01465 154.99408 149.77763 1
843 13 9.954538 96.531494 182.98 1
843 13 9.809473 97.062836 182.82585 1
843 13 9.626841 96.88461 182.58937 1
843 13 9.647425 96.84773 182.60498 1
843 13 45.050182 133.6875 112.34177 1
843 13 45.05943 133.72775 112.2935 1
843 13 45.088177 133.71176 112.31086 1
843 13 133.71796 89.33555 69.871544 1
843 13 133.4472 89.11518 69.43263 1
844 13 63.915035 125.266754 113.60091 1
844 13 145.09421 28.526253 34.059208 1
844 13 145.11295 28.578125 34.101143 1
844 13 119.698715 68.931755 193.04407 1
844 13 120.540276 140.15964 194.65964 1
844 13 120.60077 140.20825 194.61696 1
844 13 27.666626 68.38267 203.73625 1
844 13 27.64096 68.38433 203.50098 1
844 13 196.50003 102.17905 80.72915 1
844 13 196.47714 102.21682 80.76364 1
848 13 17.35135 154.90971 149.68588 1
848 13 111.85309 151.44055 200.7039 1
848 13 111.770706 151.33627 200.63593 1
848 13 147.43118 132.43704 74.30765 1
848 13 147.31898 132.656 73.83337 1
848 13 147.50888 132.44513 74.36269 1
848 13 60.61745 139.0888 109.74762 1
848 13 60.5696 139.40659 109.1805 1
854 13 12.380599 43.273594 40.87236 1
854 13 60.763332 139.55467 109.590805 1
854 13 189.58083 189.70627 65.59657 1
854 13 189.4707 189.62596 65.59631 1
854 13 189.51997 189.67865 65.60915 1
854 13 85.22607 24.449379 150.19566 1
854 13 85.25479 24.457436 150.21028 1
854 13 196.04366 62.73101 140.20525 1
855 13 55.81719 12.0662155 47.966778 1
855 13 159.774 38.691746 174.4003 1
855 13 159.65442 38.81416 174.43553 1
855 13 172.65231 53.331673 61.921574 1
855 13 102.07912 123.39202 180.8933 1
855 13 31.067778 92.27367 14.4304495 1
855 13 30.609056 92.60683 14.036696 1
855 13 31.323328 92.358795 14.25888 1
855 13 30.69657 92.74929 14.3510275 1
855 13 30.614702 92.69128 14.268096 1
855 13 31.197397 92.25308 14.232451 1
857 13 165.49973 103.194496 11.959839 1
857 13 50.32244 149.40152 58.47176 1
857 13 148.08627 131.25577 170.03854 1
857 13 148.101 131.29755 169.72987 1
857 13 148.11209 131.08669 169.86423 1
857 13 148.09348 131.13707 169.74174 1
857 13 45.10944 133.61664 112.70091 1
857 13 95.24457 144.14438 37.707947 1
857 13 95.04896 144.50351 38.111176 1
857 13 95.06834 144.55356 38.02797 1
857 13 85.29143 191.9274 67.63287 1
857 13 85.30191 191.93535 67.63887 1
860 13 84.54901 17.047142 104.37328 1
860 13 30.888456 92.41455 13.996871 1
860 13 60.870426 139.36658 109.66987 1
860 13 172.36415 151.0156 165.30743 1
860 13 172.8101 150.92403 165.19196 1
860 13 139.75134 30.210114 38.09759 1
863 13 60.542145 131.0228 76.91887 1
863 13 161.95898 89.005005 9.9173975 1
863 13 162.01318 88.947586 9.977651 1
863 13 161.95853 89.00452 9.917874 1
863 13 35.709045 155.48982 76.32117 1
863 13 35.516693 155.72223 76.39933 1
863 13 39.603954 43.750847 149.18446 1
863 13 101.79082 119.614204 82.57153 1
863 13 101.69655 119.900375 83.04922 1
863 13 101.68707 119.71347 83.15987 1
863 13 102.003586 119.47828 83.09709 1
863 13 101.7191 119.651726 82.58102 1
863 13 101.879776 119.55469 83.14537 1
863 13 153.91881 65.87252 142.16855 1
863 13 153.93056 66.29342 141.60025 1
863 13 153.88652 66.273544 141.58122 1
863 13 97.38185 183.5601 137.9031 1
863 13 97.53465 183.82881 137.87927 1
863 13 97.44737 183.42676 137.95062 1
866 13 55.728943 12.147484 47.918224 1
866 13 55.793427 11.969437 47.83894 1
866 13 123.5922 160.90411 40.609035 1
866 13 123.63202 161.04964 40.788204 1
866 13 55.748627 11.906036 47.834545 1
866 13 183.09149 57.174583 107.31527 1
866 13 183.45897 56.871582 107.422325 1
866 13 10.398721 12.514012 172.20174 1
866 13 132.59804 61.11252 125.45374 1
869 13 84.668045 17.1128 104.46232 1
869 13 84.62659 16.989315 104.40154 1
869 13 93.153885 79.586525 35.31671 1
873 13 184.7237 63.85345 104.59054 1
873 13 35.54158 155.64003 76.24735 1
873 13 50.32006 149.54005 58.637714 1
873 13 179.25438 62.70617 117.563 1
873 13 179.30896 62.611427 117.60625 1
873 13 169.21086 43.837475 150.47386 1
873 13 169.25603 43.77075 150.56847 1
873 13 169.31342 43.758114 150.58644 1
873 13 133.2139 4.832192 194.19855 1
873 13 147.53435 132.41838 74.16298 1
873 13 147.41522 132.52373 74.304565 1
873 13 166.44508 39.972023 78.69788 1
873 13 166.16534 39.772957 78.89802 1
873 13 23.364397 178.43234 18.611141 1
873 13 23.229116 178.21512 18.523113 1
873 13 23.382536 178.24458 18.60699 1
873 13 23.26906 178.29175 19.369274 1
873 13 60.62347 24.522549 65.69338 1
879 13 80.93881 175.46011 53.749462 1
879 13 165.43887 103.202255 12.012779 1
879 13 172.70113 53.36705 61.700344 1
879 13 198.32645 192.9619 101.82127 1
879 13 138.25827 52.607727 33.328537 1
879 13 114.82673 26.086317 48.787712 1
879 13 114.42211 25.834993 48.75112 1
879 13 114.58239 25.899199 48.202675 1
879 13 114.78295 26.02421 48.840706 1
879 13 114.89297 25.594446 48.29328 1
879 13 114.86576 26.134867 48.79116 1
879 13 114.5131 25.869143 48.203842 1
879 13 114.6041 25.729845 48.200844 1
879 13 22.801935 176.77652 18.588049 1
879 13 22.03184 176.33191 18.848951 1
879 13 22.32818 176.39339 18.232191 1
879 13 22.811274 176.78772 18.634375 1
882 13 65.54358 29.689919 165.7391 1
882 13 147.42679 176.58986 138.59131 1
882 13 189.72173 189.73514 65.75716 1
882 13 189.59293 189.79977 65.73329 1
882 13 116.50766 47.724434 76.443344 1
882 13 126.36447 36.921616 66.34125 1
882 13 126.34949 37.0534 65.68066 1
882 13 126.21968 37.24263 65.96486 1
882 13 64.70134 131.37015 83.02814 1
882 13 64.93554 131.48233 83.00471 1
883 13 189.48492 189.52676 65.82654 1
883 13 82.39267 35.164604 163.39917 1
883 13 201.86125 71.155594 85.83603 1
883 13 56.154808 12.055183 47.809002 1
883 13 56.082054 12.107628 48.084637 1
883 13 172.49493 150.96132 164.83401 1
883 13 172.71304 151.36337 165.21106 1
884 13 19.014137 171.68077 11.75485 1
884 13 113.56586 62.183853 191.01068 1
884 13 97.45409 183.57176 138.39844 1
884 13 97.534256 183.62677 138.43979 1
884 13 133.87358 88.79887 69.7738 1
884 13 133.74635 89.01049 69.89861 1
884 13 150.6623 173.50458 68.147285 1
884 13 150.9248 173.4403 68.14216 1
884 13 42.205555 48.466743 146.97475 1
884 13 42.416317 48.19378 147.69223 1
895 13 120.81191 140.07475 194.83348 1
895 13 104.55163 194.92838 140.92403 1
895 13 65.151276 130.9246 83.00032 1
895 13 135.01028 81.250534 177.09915 1
895 13 85.953964 153.79549 62.4494 1
895 13 86.41948 153.6421 62.789566 1
895 13 85.884674 153.79895 62.714325 1
895 13 125.95845 36.817406 65.60342 1
895 13 126.07451 37.284706 65.77448 1
896 13 155.79332 164.88222 168.3017 1
896 13 73.65033 200.76602 77.985245 1
896 13 133.29254 4.7601056 194.35498 1
896 13 133.28801 4.718598 194.40521 1
896 13 45.37083 133.53555 112.63735 1
896 13 51.289215 95.09584 43.954292 1
896 13 198.72598 193.02005 101.74603 1
896 13 198.59178 193.14264 101.74445 1
896 13 162.08789 88.86372 10.006009 1
896 13 161.79393 89.11589 9.9136095 1
896 13 123.45018 160.9917 40.55763 1
896 13 123.61545 160.9091 40.397907 1
896 13 123.45806 160.9887 40.584064 1
896 13 104.29744 194.89995 140.74011 1
896 13 63.80096 125.197556 113.0984 1
901 13 171.95555 108.23179 11.80657 1
901 13 133.71722 88.95516 69.73809 1
901 13 88.73557 96.19154 37.322865 1
901 13 88.69691 96.44452 37.36211 1
901 13 49.35855 107.27546 171.94151 1
901 13 159.63466 39.075527 174.4333 1
901 13 159.6027 39.001705 174.48146 1
901 13 159.54115 38.975475 174.49104 1
901 13 64.87085 131.32823 83.17427 1
901 13 64.92264 130.60231 83.09383 1
901 13 64.84288 131.33006 83.21184 1
901 13 80.54713 153.1303 194.54802 1
901 13 80.746086 152.35272 194.46265 1
902 13 88.55751 96.23183 37.387657 1
902 13 88.53576 96.28137 37.32442 1
902 13 12.434173 43.358517 41.040348 1
902 13 47.6107 185.91093 5.141507 1
902 13 47.35828 185.89757 4.8350534 1
902 13 45.02921 133.7552 112.61894 1
902 13 44.964024 133.49995 112.70899 1
902 13 123.357666 160.7703 40.815544 1
902 13 123.33807 160.84314 40.84695 1
904 13 11.663137 104.46477 195.56213 1
904 13 198.52075 192.97607 101.61154 1
904 13 18.02389 9.553238 101.777756 1
904 13 20.104805 199.44655 57.110558 1
904 13 77.74726 25.40327 12.532753 1
904 13 77.79717 25.110653 12.751402 1
904 13 85.35699 24.58091 150.26862 1
904 13 162.25291 88.8511 9.938561 1
908 13 159.27994 188.33777 158.59079 1
908 13 159.13535 188.5429 158.32895 1
908 13 62.476444 178.63835 51.09545 1
908 13 62.18629 178.59512 50.78531 1
908 13 56.457535 12.123662 69.95551 1
908 13 56.5431 11.627145 69.63498 1
908 13 51.599136 95.133316 43.998657 1
908 13 51.146423 94.65002 43.94497 1
914 13 74.36728 99.084854 156.19548 1
914 13 60.339645 131.14249 76.87543 1
914 13 60.57187 131.21436 76.85858 1
914 13 169.06822 43.947334 150.34227 1
914 13 169.0537 43.776794 150.35304 1
914 13 169.44563 43.92355 150.2399 1
914 13 63.588085 125.285355 113.464645 1
920 13 48.01021 112.041275 174.28154 1
920 13 147.79198 176.76637 138.84235 1
920 13 147.78813 132.58102 73.81995 1
920 13 147.37445 132.45508 73.71924 1
920 13 147.5118 132.98067 73.90787 1
920 13 42.548187 134.01816 169.70406 1
920 13 42.515182 134.07314 169.79536 1
920 13 42.517914 134.02834 169.73752 1
920 13 42.55333 133.99632 169.80232 1
920 13 42.511993 134.11447 169.8391 1
922 13 51.223263 95.05197 44.047333 1
922 13 201.69278 71.11062 85.69905 1
922 13 39.379803 165.68207 52.922215 1
922 13 39.379116 165.67174 52.912052 1
922 13 86.1178 153.57838 62.565628 1
922 13 86.0796 153.36649 62.495117 1
922 13 86.153915 153.45721 62.472336 1
922 13 86.097115 153.32639 62.59967 1
922 13 86.08705 153.36061 62.53067 1
922 13 92.96207 192.724 59.76661 1
922 13 92.75629 192.66391 59.857246 1
922 13 92.8569 192.5635 59.8135 1
922 13 92.75543 192.66171 59.841286 1
922 13 92.86247 192.73747 59.77375 1
922 13 92.947525 192.54767 59.868492 1
922 13 84.35019 17.28701 143.81062 1
922 13 84.388985 17.221634 143.81226 1
922 13 57.62954 44.98508 3.6246026 1
922 13 120.14799 68.8838 193.27046 1
922 13 119.715164 68.92021 193.41846 1
922 13 119.66346 68.752235 193.3774 1
922 13 35.197132 155.42679 76.38514 1
922 13 36.028236 155.82928 76.08941 1
924 13 167.70343 125.31618 33.571796 1
924 13 167.72015 125.561295 33.529804 1
924 13 167.18582 125.39214 33.84879 1
924 13 197.29625 124.709045 141.57083 1
924 13 197.29622 124.53307 141.66953 1
924 13 197.28873 124.57371 141.66508 1
924 13 197.26465 124.56122 141.64766 1
924 13 197.28122 124.62272 141.69759 1
935 13 74.28044 12.017258 106.80755 1
935 13 113.45676 62.196205 191.06476 1
935 13 65.08826 201.00891 74.92499 1
935 13 183.51057 57.212997 107.41955 1
935 13 183.33813 56.96586 107.462685 1
935 13 119.870575 68.680725 193.06421 1
935 13 119.73338 69.122406 193.26996 1
935 13 120.08388 68.93445 193.17822 1
935 13 67.52209 118.16613 69.54553 1
935 13 68.17747 118.35276 69.53357 1
935 13 67.44277 118.14464 69.45618 1
935 13 67.525215 118.17229 69.519104 1
935 13 68.016396 118.17128 69.55966 1
939 13 37.86585 1.518182 180.8693 1
939 13 177.50674 3.8811712 8.526272 1
939 13 177.594 3.8666964 8.395824 1
939 13 177.49402 3.909957 8.575924 1
939 13 132.81413 61.527542 125.630905 1
939 13 132.96776 61.518616 125.33759 1
939 13 132.51717 61.295265 125.3674 1
939 13 132.76291 61.73332 125.16378 1
939 13 92.58481 192.47542 59.766205 1
939 13 93.24327 192.4486 59.987114 1
939 13 92.75483 192.99529 59.814705 1
939 13 93.10419 192.5831 60.253677 1
939 13 93.121284 192.48927 60.254173 1
939 13 184.81085 64.30649 104.68054 1
990 13 159.15323 188.43556 158.39589 1
990 13 93.05662 79.60077 35.22252 1
990 13 196.59537 101.79805 81.10711 1
990 13 196.65718 102.201965 81.13787 1
990 13 86.11919 153.72049 62.499374 1
990 13 86.07959 153.71779 62.56964 1
990 13 86.02478 153.19806 62.597794 1
990 13 86.0697 153.23245 62.603622 1
990 13 111.3313 151.49884 200.84059 1
990 13 111.52399 151.05281 200.82207 1
990 13 196.42386 101.690994 81.038445 1
990 13 196.5688 102.357285 81.01714 1
990 13 196.33153 101.7682 81.11727 1
1000 13 38.728966 83.21587 152.55696 1
1000 13 38.369583 83.03977 152.64026 1
1000 13 183.54288 56.910126 107.24787 1
1000 13 183.6442 57.071823 107.29567 1
1000 13 183.48792 56.860596 107.313324 1
1000 13 47.565056 185.63527 4.585511 1
1006 13 132.65671 61.38447 125.451416 1
1006 13 50.46742 149.29042 58.725746 1
1006 13 120.64367 139.89684 194.87303 1
1006 13 121.08061 140.18037 194.62784 1
1006 13 120.604454 139.85416 194.84273 1
1006 13 120.6489 139.85316 194.84914 1
1006 13 120.63992 139.80695 194.80827 1
1006 13 54.62964 201.45308 137.51224 1
1006 13 55.21129 201.92247 137.25189 1
1006 13 67.69892 118.84897 69.39581 1
