# logM log(SFRD [/Mpc])
9.0 0.0
9.3 6.339282275757528e-08
9.600000000000001 2.2867384281896456e-07
9.900000000000002 1.210387375005896e-06
10.200000000000003 4.524912866821652e-06
10.500000000000004 1.321354140607744e-05
10.800000000000004 3.2989634757713695e-05
11.100000000000005 7.82028469815365e-05
11.400000000000006 0.00021165255277653093
11.700000000000006 0.0003738561712917842
12.000000000000007 0.0005757706411690414
12.300000000000008 0.0007490854315210827
12.600000000000009 0.000694797483799153
12.90000000000001 0.0005877829954506648
13.20000000000001 0.0005132094441602828
13.50000000000001 0.00027664798748806304
13.800000000000011 0.00011893956272947275
14.100000000000012 0.00020554398600176578
14.400000000000013 0.0
14.700000000000014 0.0
