# logM log(SFRD [/Mpc])
9.0 9.107068798183184e-07
9.3 8.296571811569618e-06
9.600000000000001 3.774896981462596e-05
9.900000000000002 6.601134086715655e-05
10.200000000000003 0.00012899792017583326
10.500000000000004 0.00027776484488315455
10.800000000000004 0.0006139460445199043
11.100000000000005 0.001116265455221658
11.400000000000006 0.001721924240391408
11.700000000000006 0.0018956316181320536
12.000000000000007 0.0015312555742336782
12.300000000000008 0.0009732852967438877
12.600000000000009 0.0005744472821184828
12.90000000000001 0.0004310476761895853
13.20000000000001 0.0004033136156484915
13.50000000000001 0.00015632602058638994
13.800000000000011 8.86024859958666e-05
14.100000000000012 0.00020597037816259608
14.400000000000013 0.0
14.700000000000014 0.0
