# logM log(SFRD [/Mpc])
9.0 9.107068798183184e-07
9.3 8.359964634327192e-06
9.600000000000001 3.797764365744493e-05
9.900000000000002 6.722172824216251e-05
10.200000000000003 0.0001335228330426548
10.500000000000004 0.0002909783862892319
10.800000000000004 0.0006469356792776178
11.100000000000005 0.001194468302203196
11.400000000000006 0.0019335767931679415
11.700000000000006 0.0022694877894238324
12.000000000000007 0.002107026215402717
12.300000000000008 0.0017223707282649665
12.600000000000009 0.0012692447659176348
12.90000000000001 0.001018830671640249
13.20000000000001 0.000916523059808775
13.50000000000001 0.00043297400807445243
13.800000000000011 0.0002075420487253393
14.100000000000012 0.00041151436416436227
14.400000000000013 0.0
14.700000000000014 0.0
