93 13 74.2041 12.06848 106.588684 1.8140292
185 13 179.00081 97.682884 163.01683 1.793715
226 13 113.46272 61.9649 190.92047 1.9510444
295 13 138.85767 31.055635 147.38672 1.8082073
304 13 183.4179 57.0779 107.74158 0.93569684
307 13 147.54527 132.80562 73.89463 1.7224662
313 13 2.4173515 7.6976132 39.44124 1.287974
315 13 133.32767 4.7049375 194.50938 1.3142949
322 13 30.119333 93.504814 10.848571 0.7983109
352 13 53.48702 185.69904 63.61139 1.9949709
356 13 201.68576 70.96796 85.97122 1.7212412
357 13 184.41946 63.922535 104.77134 1.3335078
374 13 133.72081 88.845634 69.80095 1.6239855
394 13 14.4461565 13.744627 127.16667 2.1802902
410 13 125.07267 196.35039 21.537878 1.7409105
411 13 98.97279 156.69183 154.91586 1.661382
421 13 84.9713 162.03673 7.6274967 1.3593099
423 13 81.13138 175.35226 53.827206 1.4223324
424 13 170.36417 110.01159 156.28305 1.3573124
430 13 111.6038 151.21053 200.99455 1.7700361
440 13 81.74357 196.98787 143.33478 1.6247983
441 13 11.658892 104.462585 195.31894 1.5460429
459 13 166.5324 24.31711 39.276443 1.3405943
461 13 28.21402 38.61975 134.47029 1.6868213
463 13 23.11286 171.34653 121.05745 0.91991353
474 13 8.522057 8.61321 121.49223 0.8913559
475 13 84.3047 17.186354 143.96803 1.651976
479 13 14.540716 151.15607 111.572334 1.1636584
493 13 27.762102 68.66167 203.5503 1.8755591
501 13 155.19969 131.66653 15.490965 1.8560948
511 13 130.34595 64.00719 154.97525 1.2694083
514 13 170.05563 160.1516 68.32978 2.0213828
516 13 57.434242 45.13736 3.5605397 1.8807123
519 13 168.39522 53.375874 24.152637 1.9367889
525 13 39.343197 165.78377 53.01189 1.5524529
526 13 161.79721 42.878567 158.73572 2.3911974
529 13 22.343122 176.37628 18.379099 1.4069402
540 13 67.01579 50.1234 154.57567 1.957719
551 13 147.83202 55.89412 66.259346 1.804385
558 13 198.52219 192.97087 101.674 2.1833441
561 13 17.519882 198.55559 56.75419 1.7913101
564 13 131.75816 142.27544 53.571774 1.1080725
565 13 73.62984 200.49117 77.78499 1.9410504
566 13 74.43299 99.219406 156.48843 2.1277046
579 13 97.20792 106.521545 76.8441 1.6489289
580 13 20.561453 199.55788 57.260838 1.7293594
595 13 91.29621 148.54137 13.620656 1.7618866
600 13 126.34551 73.732 187.56741 1.7248151
603 13 172.25572 53.33651 61.95313 1.6111116
608 13 203.0492 147.12753 157.2331 2.3212569
612 13 97.41601 183.83194 138.75108 0.2304758
625 13 126.20412 36.853554 66.40402 1.4960645
630 13 80.85871 152.49498 194.54742 1.9262631
632 13 106.124084 193.97179 125.26788 1.1900272
637 13 128.96405 174.1356 73.907814 1.937665
640 13 179.46399 62.812553 117.46894 1.9514804
641 13 123.203896 120.833626 198.4933 1.5567038
642 13 171.61322 108.30359 11.72205 1.0187697
644 13 137.96408 106.14084 23.277912 2.115418
649 13 92.85688 179.65823 163.45987 1.5572671
652 13 120.52843 139.98203 194.58434 1.0613747
656 13 146.99423 84.526306 63.301014 0.3357489
657 13 115.04002 26.061964 48.562416 0.9797817
661 13 119.92454 69.045235 193.29555 1.8939402
665 13 196.85161 102.0339 81.04667 1.8217238
674 13 47.90906 112.37428 174.65443 1.1779152
677 13 166.62274 39.850494 79.14746 1.3632432
679 13 134.75435 82.050415 103.51249 1.9533238
680 13 19.048586 171.58054 11.730094 1.3050294
683 13 66.21947 150.78445 87.357796 1.650778
686 13 101.96685 123.612946 180.75323 1.5397894
691 13 77.734665 186.15706 135.53291 1.6535596
697 13 154.25375 66.344185 142.0284 1.6984684
698 13 90.20968 132.87465 43.52294 1.730125
702 13 196.4702 62.471104 140.31035 1.9307538
703 13 17.705545 162.25519 202.98743 1.7450688
709 13 1.7647506 200.88124 31.098417 1.433165
713 13 139.94643 30.103092 38.23162 2.0249655
718 13 64.74736 201.1236 74.86781 1.194469
719 13 159.8342 38.492493 174.3318 2.1196563
721 13 147.32059 176.65846 138.87743 1.7996839
722 13 66.45754 108.8638 60.100792 2.150231
726 13 105.01604 194.89272 140.90059 1.5157677
727 13 95.22453 144.22237 38.081306 1.8807625
728 13 17.917202 9.231105 102.17417 1.0508896
729 13 23.158684 178.37701 19.149443 1.776371
730 13 15.3828335 74.729385 141.55197 1.5815728
731 13 50.627907 69.917816 202.47052 1.9049382
732 13 177.01913 3.7422214 8.29529 1.6123068
733 13 149.40422 85.250084 30.28954 1.8966018
738 13 151.96384 154.68564 17.296005 0.5099885
741 13 64.718025 92.99163 3.6125083 0.016935494
743 13 24.795534 39.00945 138.60475 1.9671993
745 13 82.63521 34.968708 163.60509 1.8040954
748 13 141.31458 59.079258 70.19597 1.2112775
750 13 88.63917 199.25272 80.01049 2.0922718
751 13 150.95486 173.5873 68.13696 1.3594986
753 13 174.01102 170.2857 128.121 0.91248196
755 13 41.549805 21.244774 203.13443 1.9258114
756 13 104.96036 71.52353 29.654009 1.8888795
757 13 35.69052 155.48628 76.53453 1.9806125
758 13 86.159294 153.21942 62.96587 1.7583247
759 13 102.38796 52.84599 127.32046 1.7605959
760 13 77.84459 25.2884 12.8367 1.8249177
762 13 9.783669 96.96748 182.8954 1.9145352
763 13 145.17082 28.469763 34.23225 1.7471063
765 13 6.5314846 75.76853 129.51077 1.4542813
766 13 65.56408 29.837942 165.73686 1.9130422
767 13 50.300713 149.43498 58.5459 1.252146
769 13 47.716446 185.6663 4.9028544 1.8581564
772 13 85.170456 192.30444 67.68802 1.3405883
773 13 165.8087 161.8077 60.94292 1.5983508
775 13 92.74524 192.64488 59.969315 1.9676801
776 13 140.74413 204.64381 3.0385673 1.2953858
777 13 160.85736 32.17706 88.40699 1.2125455
778 13 36.744915 142.67195 173.24355 1.4886279
779 13 102.213715 75.637146 117.38311 1.8426831
780 13 81.589424 183.34315 165.84398 1.7371175
781 13 77.05287 42.03263 163.00148 1.8690342
782 13 200.52158 78.4462 169.69997 1.0404546
787 13 45.652496 133.59245 112.335266 1.4741322
788 13 101.79858 119.60084 82.84851 1.4496258
789 13 169.36572 44.08754 150.57913 1.3572233
791 13 18.579718 65.009285 182.64964 1.8025012
792 13 130.1309 34.323067 36.80731 1.357088
793 13 84.37929 17.051222 104.25254 1.3922732
795 13 147.9715 131.02948 170.14113 1.6124251
796 13 65.947 185.74184 52.450153 1.491946
797 13 142.3231 138.7885 181.2283 2.1931355
798 13 28.526205 80.60449 169.14343 0.8363465
799 13 43.736412 191.06721 2.4266837 2.3669102
801 13 161.79875 89.39856 10.12654 1.5593348
803 13 144.12915 61.869617 160.7005 1.6259147
804 13 62.96007 175.51868 47.815067 1.8373574
805 13 56.4365 12.160721 69.64944 1.429852
806 13 65.01678 130.90115 83.01755 1.6036294
807 13 60.72808 139.50276 109.46601 1.665606
811 13 31.515116 89.71978 144.86542 1.3984576
812 13 60.511837 130.86911 77.227974 1.6071514
813 13 165.42317 102.91911 11.662172 1.3120077
814 13 67.86137 118.48225 69.579056 1.8477501
816 13 43.390472 134.35362 169.81671 1.7376165
817 13 93.13856 79.456436 35.271576 1.50071
818 13 38.60409 83.3516 152.5954 1.3656213
819 13 69.524666 191.14275 104.53789 1.3196025
822 13 51.54072 142.36092 83.347755 1.3847767
823 13 17.299467 155.10226 149.82613 1.6972713
824 13 39.32987 43.90788 148.87074 1.7162097
825 13 174.58675 21.692083 132.71791 1.4991252
826 13 86.542114 96.61227 25.253172 2.0302935
827 13 12.86397 43.398365 40.99185 0.94183034
835 13 197.00046 124.78886 141.73282 1.3794425
836 13 71.46067 115.95999 4.524073 2.0461748
837 13 115.92552 164.03171 139.00394 1.5855842
839 13 33.064014 19.461067 131.93445 1.0754542
841 13 85.181465 24.37239 150.3826 1.561632
842 13 189.60324 189.73323 65.60881 1.4803083
843 13 183.66632 133.99133 12.70546 1.9357536
844 13 51.074688 95.0326 43.918816 1.834191
848 13 150.7459 126.81574 64.59135 1.3338736
854 13 88.71495 96.48708 37.148014 1.4880598
855 13 49.66852 106.87775 171.9661 1.4776243
856 13 34.172928 24.454226 144.37505 1.8547173
857 13 118.68845 129.21533 186.13814 1.7642804
860 13 9.947836 12.804029 172.36505 1.0487348
863 13 167.39326 125.51406 33.244022 1.5957426
864 13 26.748354 180.91417 41.58202 1.0689466
866 13 16.657303 124.96693 196.64555 1.1774154
868 13 81.05113 106.137115 101.744225 1.824136
869 13 42.094658 48.23707 147.31607 1.3661141
870 13 28.805834 12.994847 140.21745 2.424926
873 13 54.827858 201.88162 137.23892 1.6086282
875 13 105.191956 87.390884 76.85057 1.0644088
876 13 179.18297 61.3919 114.109985 1.6295165
879 13 132.5254 61.513905 125.06955 1.2473285
882 13 30.89351 92.837326 14.127491 1.6766014
883 13 85.1949 138.8286 178.4603 1.3142883
884 13 64.0673 125.265495 113.64694 1.2168467
885 13 155.53143 27.976456 94.955505 1.7009157
886 13 121.216385 35.841976 145.96921 1.6216798
889 13 179.60287 157.93793 49.7895 1.4003844
890 13 43.91813 129.7403 188.59631 1.298906
891 13 13.662286 197.90044 175.68408 1.8376347
895 13 159.32559 188.23979 158.58975 1.1146712
896 13 116.72836 48.13694 76.655716 2.001376
897 13 50.74214 142.06569 7.0545287 0.7077879
898 13 126.088585 83.98032 7.4864597 1.674562
899 13 183.40166 116.71402 11.666652 1.413883
900 13 93.37845 17.389797 125.87877 1.2101061
901 13 172.48029 150.55426 165.04005 1.6670094
902 13 123.33807 160.84314 40.84695 1.5310282
904 13 185.95578 116.599335 21.015478 2.215645
905 13 12.158388 177.91371 50.19329 1.80301
906 13 1.1358765 78.28144 82.1088 1.9447147
908 13 83.06313 2.5139081 81.58935 1.2214671
911 13 145.49983 188.36336 36.182247 1.921627
914 13 138.07246 52.437515 33.512768 1.4481465
916 13 16.49083 193.57419 133.3166 1.3206985
920 13 190.58395 161.79646 43.97098 1.5697815
922 13 37.806713 1.4167304 180.65417 1.887723
924 13 120.2991 64.26328 154.26872 1.3561177
925 13 156.46857 100.71602 170.49536 1.453506
931 13 58.556324 45.475567 2.0301156 0.96549755
932 13 139.81723 41.78693 116.137825 2.4233966
933 13 183.60733 54.9557 95.4699 1.8318466
935 13 134.79486 81.45349 177.05807 1.763078
937 13 108.51252 184.2339 26.67805 1.8386812
938 13 50.99624 48.52169 132.40825 1.4751022
939 13 61.202606 24.35382 66.3149 1.8783765
940 13 164.85881 128.68922 162.87453 1.1863512
942 13 111.11195 195.13489 111.27841 1.5950788
943 13 30.58838 27.201675 144.42397 1.2810867
945 13 199.56517 196.88869 103.12984 1.8942995
947 13 196.77922 79.54937 80.94395 1.6783655
949 13 174.85107 169.70581 101.28729 1.2281792
950 13 3.0786414 2.8856893 143.91325 1.6381663
953 13 101.59583 27.327106 13.626034 1.7459415
954 13 37.263596 190.27927 23.860966 1.263471
955 13 90.75441 77.35412 33.41706 1.662656
960 13 75.24609 68.523506 51.266304 1.7382405
961 13 97.26629 27.343742 148.89473 1.5178586
962 13 32.53439 75.50072 145.28914 1.7344123
965 13 109.54135 150.3181 140.85887 1.9341555
968 13 136.52931 186.10887 122.64081 1.6792954
974 13 203.78934 42.20329 47.077232 2.0039155
986 13 83.81775 108.71671 90.42509 1.6923137
987 13 172.48761 55.77742 92.75313 1.2628734
989 13 91.447464 78.897804 35.228527 0.6828254
990 13 155.72212 164.63626 168.34598 1.5097786
991 13 21.178429 182.44473 52.86142 2.126815
1000 13 62.404915 178.19017 50.848763 1.2199074
1003 13 60.132454 18.841318 41.45633 1.511724
1005 13 35.437866 85.588264 155.2723 1.7003626
1006 13 55.68626 11.732085 47.940575 0.9872686
1008 13 176.89432 168.30713 109.33876 1.7463228
1009 13 19.068033 14.16362 116.66667 2.3450866
1012 13 113.44985 152.95422 142.99771 1.8373287
1013 13 78.095795 72.76353 57.825333 1.9875762
1016 13 8.483713 113.51297 128.30861 0.8406478
1018 13 64.369545 189.71855 41.116028 1.1061937
1025 13 43.170914 83.492584 81.98265 1.1200517
1029 13 106.238625 182.32767 90.425255 2.1060061
1031 13 105.4012 23.854742 92.55231 1.9236395
1039 13 147.58412 132.46771 157.2535 1.5447503
1040 13 106.16733 1.2062494 118.07007 1.9365727
1041 13 145.1501 94.33647 162.59041 0.933612
1045 13 168.54172 52.545914 59.48928 2.2075229
1046 13 173.57071 29.215773 156.32521 1.7521771
1047 13 182.49817 115.518074 167.92572 1.7744789
1048 13 76.557014 156.00935 81.36099 2.1116652
1049 13 184.80765 32.188107 0.086985454 1.4860547
1051 13 100.07686 157.04106 153.71394 0.9721662
1052 13 20.496479 119.33081 26.20176 1.3308476
1055 13 148.00221 31.334948 163.98886 2.035907
1066 13 189.03036 192.55333 84.288925 1.3850137
1084 13 27.673693 167.56339 60.36551 1.258729
1095 13 145.06444 61.22605 132.17534 1.9242592
1097 13 24.864616 43.075493 178.71968 2.0896144
1100 13 55.123016 85.979744 152.61163 1.8080109
1105 13 23.085968 51.026577 188.72437 2.141948
1110 13 14.869567 176.55965 14.310517 1.3383889
1113 13 49.41663 53.019806 139.4595 1.4632018
1115 13 100.236755 60.516155 39.415302 1.4668843
1124 13 62.907837 139.3387 119.74129 1.3582546
1125 13 10.005951 203.482 5.4336147 1.3763428
1168 13 163.83006 33.737915 163.55777 0.9473144
1173 13 140.2001 51.21391 67.06349 1.4308299
1257 13 80.24927 56.87448 110.2112 1.3160434
