# logM log(SFRD [/Mpc])
9.0 1.961895263828641e-05
9.3 0.0001356457955947364
9.600000000000001 0.0002717685872066784
9.900000000000002 0.0003974380863989064
10.200000000000003 0.0006839116285017431
10.500000000000004 0.0013194966347078682
10.800000000000004 0.0025151797247684213
11.100000000000005 0.004292965128308065
11.400000000000006 0.006880324518758947
11.700000000000006 0.007464579004079841
12.000000000000007 0.005458056124010272
12.300000000000008 0.002774458037031346
12.600000000000009 0.0017048880939958945
12.90000000000001 0.0014942486869533908
13.20000000000001 0.00041094167785993204
13.50000000000001 0.0003714712320529549
13.800000000000011 0.0
14.100000000000012 0.0
14.400000000000013 0.0
14.700000000000014 0.0
