# logM log(SFRD [/Mpc])
9.0 1.963145162302552e-05
9.3 0.00013591317939353942
9.600000000000001 0.0002779871391573445
9.900000000000002 0.0004163770335477853
10.200000000000003 0.0007377831184181626
10.500000000000004 0.0014300384887279062
10.800000000000004 0.0027526553378353505
11.100000000000005 0.004771546271041447
11.400000000000006 0.007931670934904112
11.700000000000006 0.009259976729741689
12.000000000000007 0.008012120378044978
12.300000000000008 0.005695132119109714
12.600000000000009 0.0039650756897523344
12.90000000000001 0.0037279124265706823
13.20000000000001 0.0013988613499098961
13.50000000000001 0.0007928434881257809
13.800000000000011 0.0
14.100000000000012 0.0
14.400000000000013 0.0
14.700000000000014 0.0
