# logM log(SFRD [/Mpc])
9.0 1.2498984739111066e-08
9.3 2.673837988029938e-07
9.600000000000001 6.218551950666641e-06
9.900000000000002 1.8938947148878036e-05
10.200000000000003 5.38714899164188e-05
10.500000000000004 0.00011054185402004114
10.800000000000004 0.00023747561306693428
11.100000000000005 0.00047858114273338046
11.400000000000006 0.001051346416145165
11.700000000000006 0.0017953977256618637
12.000000000000007 0.0025540642540347004
12.300000000000008 0.0029206740820783574
12.600000000000009 0.0022601875957564406
12.90000000000001 0.002233663739617293
13.20000000000001 0.000987919672049964
13.50000000000001 0.00042137225607282634
13.800000000000011 0.0
14.100000000000012 0.0
14.400000000000013 0.0
14.700000000000014 0.0
