93 13 140.08252 30.135979 38.12553 0.14426488
93 13 184.67693 63.855934 104.44873 0.08372712
93 13 184.764 63.885548 104.67127 -0.30861196
93 13 184.7863 63.93743 104.50614 -0.22039832
93 13 19.220177 171.63689 11.740011 0.48932213
93 13 65.36004 200.97572 74.890114 0.26745057
93 13 65.15987 201.16237 74.73358 -1.0896428
93 13 65.10196 201.08485 74.67759 -1.0234119
93 13 39.423565 44.02832 148.79124 1.202072
93 13 39.407352 44.088665 149.13004 0.564152
93 13 39.48173 43.97099 148.67181 0.16342317
93 13 12.655089 43.447823 40.750847 0.78751004
93 13 12.69271 43.453213 41.144104 0.49835056
93 13 12.15908 43.327564 40.67414 0.53156817
93 13 12.817428 43.17077 40.992233 -1.2581702
93 13 10.679467 12.879591 172.65942 1.0688344
226 13 63.994724 125.32796 113.54658 0.2129231
226 13 63.948788 125.33443 113.5257 0.8400703
226 13 111.66227 151.34125 200.85309 0.55910003
226 13 129.12991 174.12228 73.694275 1.0371659
226 13 169.11064 43.921303 150.4824 -0.650188
226 13 169.3514 43.62504 150.42009 -1.3403739
226 13 190.33751 161.64996 44.250156 -1.97684
226 13 190.48181 161.58223 43.863026 -0.06529047
226 13 190.20505 161.48134 44.183918 -0.56993103
226 13 172.1319 108.3766 12.121969 1.6214747
226 13 172.13512 108.38046 12.103003 0.5291889
226 13 172.1362 108.33795 12.159063 -0.52512246
304 13 45.266674 133.67096 112.61853 0.6330585
304 13 73.46316 200.91473 78.048744 -2.491145
304 13 165.72214 103.29489 11.794266 -0.9276579
304 13 165.58061 103.13519 12.279137 -2.0958622
304 13 95.17117 144.60324 38.16617 -0.193783
307 13 14.351956 13.889763 127.11934 0.3970397
307 13 93.002815 79.46446 35.238037 0.3154459
307 13 83.12995 2.854478 81.606995 1.2937783
307 13 14.172666 13.763786 127.10578 0.17996241
307 13 14.384946 13.969521 127.257195 -1.055056
307 13 14.336637 13.948952 126.90681 -1.1273013
307 13 60.64142 130.92027 77.07559 -2.2319968
307 13 60.45163 130.90123 77.07153 -1.7336588
307 13 60.57927 131.26883 76.814384 -2.2627184
307 13 126.27815 36.66169 65.80814 -1.3156176
307 13 1.8810554 200.49545 30.800373 0.543042
307 13 2.0709968 201.1458 31.051846 -0.08188082
307 13 1.6629767 200.8354 31.522472 -1.4796804
315 13 196.30933 62.59646 140.3724 0.5691079
315 13 166.39203 39.889053 78.83193 -0.6451226
315 13 166.52328 39.76762 79.068794 -1.3775916
315 13 111.59784 151.22122 200.69962 0.6125525
315 13 74.25258 11.976452 106.51917 0.6872908
315 13 31.151861 92.34928 14.387389 -1.4125199
315 13 30.905325 92.65585 14.367888 -0.56567454
315 13 84.50238 17.383041 104.42652 0.079383
315 13 84.709915 17.308235 104.7427 0.2041386
315 13 84.52487 17.322346 104.61657 -0.591431
315 13 140.21461 30.049416 38.64915 -0.56290686
315 13 140.02116 30.62269 38.11758 -1.5221286
356 13 41.470856 21.377287 202.70708 0.87082106
356 13 19.068733 171.63152 11.768087 0.5536902
356 13 119.928 64.37946 154.24826 0.08698269
356 13 39.515285 43.82721 148.95169 0.06812646
356 13 118.62786 129.55331 186.03015 1.3330375
356 13 77.10852 42.301567 162.75452 -0.34242848
356 13 116.653534 47.840446 76.82976 0.9741545
356 13 116.90723 48.021446 76.66807 0.21143633
356 13 169.64952 160.10953 68.5327 -1.0429628
356 13 169.82895 160.15762 68.59166 -0.95821345
356 13 118.774574 129.45668 186.40471 -0.21881612
356 13 20.337608 199.34113 56.87586 -1.3649856
357 13 102.23113 75.57715 117.386154 0.60682917
357 13 102.3753 75.769135 117.40884 0.5769148
357 13 47.5817 185.92603 4.7358027 0.29403973
357 13 47.57697 185.80437 4.9479685 -0.40056252
357 13 84.86267 17.121635 104.519196 -0.77876955
357 13 84.580505 16.78484 104.497284 -2.3146973
357 13 86.32332 153.54292 62.368294 0.5527828
357 13 86.41089 153.61534 62.6789 0.11767381
357 13 85.84651 153.49939 62.77713 -0.9544679
357 13 141.86142 58.909405 69.96098 0.0017104853
357 13 141.7922 58.826866 69.842514 -0.73093766
357 13 141.253 58.877827 70.399574 -1.5421759
357 13 11.691153 104.16547 195.19492 -0.4442011
357 13 11.247213 104.42331 195.84364 -0.699157
374 13 166.45761 39.794968 78.95712 1.0542898
374 13 129.17221 174.05685 73.699974 0.36882362
374 13 85.37515 192.36203 67.49983 0.34028953
374 13 85.39595 192.30637 67.62763 0.10659048
374 13 20.208122 199.48431 57.334896 -0.24064972
374 13 184.85898 63.678616 104.55335 0.0002330665
374 13 184.59587 63.687878 104.646065 -0.4420395
374 13 65.5112 29.87899 166.05911 0.70384204
374 13 65.54596 29.86901 165.6163 0.71710616
374 13 76.914246 42.640625 162.5289 0.5640816
374 13 77.31253 42.4438 163.0445 -2.046151
394 13 118.734795 129.60985 186.08418 0.63498193
394 13 84.33391 17.262386 143.98349 1.9043282
394 13 1.7583909 200.89142 31.105862 -0.47012067
394 13 196.40155 62.74216 140.34637 -0.7654164
394 13 196.27509 62.719254 140.38849 -0.44669217
394 13 38.718834 83.30916 152.49673 0.8684312
394 13 38.665577 83.09595 152.68266 -0.3484575
394 13 38.763905 83.13008 152.60538 -0.43671107
394 13 38.735016 83.12161 152.67433 -0.83117974
394 13 201.73193 71.03576 85.51088 -0.788905
394 13 201.7898 70.981964 85.74283 -0.7198148
394 13 62.09198 178.67639 51.41073 1.2699635
394 13 62.150337 178.45096 50.68164 0.6376617
394 13 62.18901 178.4322 50.649918 -1.1804549
394 13 62.219173 178.31602 50.697517 -1.3025763
394 13 62.1436 178.53412 51.40164 -0.83813024
394 13 62.13391 178.55132 51.38233 -0.48005706
394 13 57.31228 45.22908 4.058219 0.6515992
394 13 57.25921 45.30788 4.0367727 0.93587077
394 13 57.382263 44.878235 3.2294533 -0.748883
421 13 11.722654 104.399 195.5862 0.2983906
421 13 11.69528 104.455475 195.65067 -0.10342422
421 13 172.09433 108.28724 11.833134 -0.039472412
421 13 172.08917 108.262276 11.858049 -0.69545114
421 13 148.32507 131.3962 169.9676 0.92073524
421 13 147.659 130.91422 169.76834 0.18346664
421 13 148.16122 130.95357 169.57639 -0.9167319
423 13 147.35661 132.57652 74.028496 0.9357617
423 13 183.50662 57.06604 107.60457 -0.40010327
423 13 80.95877 152.49146 194.6513 0.8917756
423 13 81.06216 152.51793 194.64496 -0.8958797
423 13 80.96675 152.47655 194.6539 0.36668667
423 13 150.52194 127.16165 64.01706 0.0656256
430 13 172.58331 53.20294 61.820087 0.18704355
430 13 155.88934 164.84325 168.3327 -0.21682833
430 13 120.02018 64.457085 154.39586 -0.32502735
430 13 114.82159 25.949827 48.475983 -2.0426385
430 13 114.679214 25.660551 48.71469 -0.90677774
430 13 159.805 38.522503 174.25438 -0.17288978
430 13 159.666 38.561535 174.5715 -1.7264347
430 13 159.7831 38.780865 174.58531 -0.9268555
430 13 201.82512 71.25403 85.89247 0.9737809
430 13 201.58524 71.21951 85.96356 -2.3509023
430 13 201.95712 71.207886 85.64584 -0.7078366
430 13 201.48969 70.85167 85.73425 -0.7331531
430 13 106.28514 194.56223 125.38261 1.4281048
430 13 106.30664 194.4455 125.22451 -0.6326166
430 13 106.30289 194.38823 125.15629 -0.836337
430 13 141.98126 58.88115 69.96133 1.0673991
430 13 141.93832 59.122864 70.260185 0.10932884
430 13 141.46176 58.369553 70.228935 -0.43094763
430 13 141.33096 58.42717 70.245705 -0.8671181
441 13 49.41076 107.074905 171.90329 -0.3285055
441 13 56.688995 11.923388 69.59923 0.85778785
441 13 56.459084 11.808794 69.65561 -0.40323627
441 13 126.216965 36.842056 65.750496 0.18422814
441 13 126.26785 36.672935 66.149025 0.408022
441 13 126.23628 36.903526 65.715126 -0.98651165
441 13 172.28844 108.0371 11.719473 0.9748013
441 13 171.94974 108.44947 11.936621 0.5763899
441 13 172.17503 108.28777 11.54479 -0.86573815
441 13 85.49195 24.055885 150.12146 0.14841026
441 13 39.414227 165.97148 53.303257 -2.2759771
441 13 39.49607 165.27238 52.701176 -1.3681368
459 13 54.993713 201.79935 137.39323 0.54419136
459 13 51.048462 95.02191 44.079563 0.83730674
459 13 51.353287 94.87139 44.03901 0.5096045
459 13 51.095886 95.155716 44.12448 -2.3470695
459 13 165.68289 103.19643 11.911312 -0.58104664
459 13 64.998505 130.68605 83.05644 -0.7287864
459 13 55.73738 12.323889 48.2386 0.75487167
459 13 55.73671 12.344879 48.195755 -0.31589067
459 13 56.156387 11.942907 47.66638 -1.5472473
459 13 166.01768 39.932526 79.13698 0.07909251
461 13 50.416954 149.41171 58.623722 0.16258581
461 13 43.123276 134.30562 169.71127 1.1595021
461 13 165.95152 161.59389 60.77176 0.76007724
461 13 165.5891 161.80197 60.756332 -0.45718974
461 13 165.6258 161.77965 61.06743 -1.5827101
461 13 165.68604 161.46796 60.777695 -1.3604392
461 13 185.81316 116.302505 21.020653 0.36501914
461 13 185.6986 116.5756 20.920952 -1.9796323
461 13 185.82907 116.758354 20.904823 -0.11583687
461 13 185.95784 116.734024 20.813103 -1.4537302
461 13 17.78327 161.8799 202.81358 1.1231788
461 13 17.344992 162.2915 202.88643 0.12846209
461 13 17.418592 162.13876 203.42136 -0.2857155
461 13 17.145279 162.0172 203.03352 -1.57812
461 13 28.059319 80.52814 169.29692 -1.3143835
475 13 65.02848 130.97508 83.00554 0.72902983
475 13 28.286886 38.804783 134.55038 -0.6383313
475 13 65.200005 200.9891 74.91029 1.2288884
475 13 65.16962 200.96616 74.82886 0.3026833
475 13 35.700943 155.53113 76.14895 -0.6463205
475 13 166.34235 39.664726 78.840355 0.036719464
475 13 51.467003 95.058876 43.98047 0.5358168
475 13 51.109657 94.85189 43.960342 -1.1708068
475 13 50.164627 149.30042 58.875706 0.5138425
475 13 50.049957 149.40219 58.440113 -0.16959977
475 13 50.185524 149.68695 58.83945 -1.0500526
475 13 165.9484 161.53868 61.15027 -0.8939605
475 13 174.21024 169.66734 128.26096 -0.8477584
493 13 165.51028 103.260735 12.005005 0.2453305
493 13 20.084568 199.4158 57.302044 0.32181635
493 13 20.156275 199.42499 57.247555 0.24813388
493 13 51.185043 95.03825 44.06613 0.7118295
493 13 51.273994 95.004456 43.988922 -0.29025564
493 13 201.5369 71.10688 85.74161 1.1791396
493 13 85.288925 192.51257 67.69562 0.3596172
493 13 85.17401 162.0722 7.7108903 0.38049725
493 13 84.90237 161.673 7.5949235 0.1596337
493 13 60.109604 131.23312 76.817154 -2.0047977
493 13 60.98403 131.17114 77.095474 -0.47016734
493 13 60.96845 131.0458 77.15706 -1.6559349
501 13 28.26206 38.911995 134.52975 -0.28200772
501 13 123.68367 161.00835 40.712498 0.42493033
501 13 169.66641 160.18694 68.26373 -0.2682071
501 13 88.79928 96.2802 37.47837 1.6602125
501 13 88.792274 96.19783 37.20268 0.8061353
501 13 88.74514 96.36049 37.508865 -0.86839867
501 13 65.19948 200.84781 74.73312 0.1697755
501 13 65.170975 200.79128 74.75321 -0.42387578
501 13 65.1974 200.92136 75.11386 -0.36149278
501 13 49.433273 107.193855 172.19745 -0.29496324
501 13 49.54245 107.02628 171.6503 -0.20173451
501 13 49.52124 106.83541 171.76353 -0.9971626
501 13 41.575714 21.222021 203.0314 0.6083203
501 13 41.392807 21.424475 202.32693 -1.1597891
501 13 41.297806 21.364538 203.10461 -1.5995806
501 13 41.629486 21.211676 203.02255 -1.1814904
501 13 2.0985694 200.76343 31.479897 0.26323894
501 13 1.6017127 200.96518 31.510757 -0.71922815
514 13 159.6797 38.754406 174.39682 0.18951851
514 13 77.02518 42.411095 162.88553 -2.0935788
514 13 60.816624 139.41296 109.50319 1.3802413
514 13 60.70795 139.48283 109.457664 -0.036281753
514 13 22.394663 176.60313 18.611532 0.25387308
514 13 22.527033 176.57701 18.63088 -0.18413319
514 13 65.76532 29.67762 165.72348 1.4902534
514 13 35.750046 155.7299 76.07658 0.3894215
514 13 35.384293 155.54662 76.14014 -0.0051330123
514 13 77.82307 25.241688 12.536987 0.43230948
514 13 78.06902 25.208164 12.785637 0.40533185
514 13 78.05967 25.235813 12.828079 -0.72834164
514 13 73.435905 200.38356 78.130394 -0.32183933
514 13 73.40099 201.20673 77.92798 -0.72027934
516 13 111.623436 151.31778 200.78813 0.6475784
516 13 141.54611 58.863483 70.11148 -0.19903935
516 13 9.799322 96.75431 182.70406 1.1083605
516 13 9.764647 96.59909 182.84706 1.0913491
516 13 23.363787 178.03688 18.917606 -0.09185364
516 13 23.161192 178.05312 18.963966 -1.5309756
516 13 23.342733 178.06566 18.832502 0.41978878
516 13 17.810873 161.95135 202.98055 0.057999987
516 13 17.57179 162.25934 202.9404 -1.653639
516 13 184.48257 63.940166 104.38258 0.4175814
516 13 184.66856 64.14702 104.38519 -1.5820094
516 13 184.81136 63.594845 104.471825 0.45192665
516 13 184.80666 63.63729 104.45763 -0.24232922
516 13 184.77896 63.59431 104.50133 -0.37710825
516 13 166.4851 24.222885 39.38387 1.1715221
516 13 166.16914 24.861477 39.612232 0.33168662
516 13 166.16573 24.028824 39.51173 0.39118287
525 13 84.60002 16.973438 104.46117 -1.690807
525 13 67.72072 118.36282 69.19592 0.13310651
525 13 67.7954 118.55496 69.37503 -0.8755161
525 13 18.181425 9.448265 101.91005 -0.55744886
525 13 17.944307 9.692436 101.894714 -0.9078947
525 13 9.715292 96.93045 182.75238 -0.6957069
525 13 31.43611 89.78909 144.54465 0.8376577
525 13 31.492083 89.9787 145.02425 0.723309
525 13 31.350622 89.80711 144.53696 0.24341
525 13 31.19201 89.69461 144.9424 -0.50766563
525 13 31.654943 89.943756 144.76111 -1.8735937
525 13 31.174856 89.79791 144.8429 -0.75406957
525 13 57.20765 45.38046 3.5670998 0.96820647
525 13 57.08385 45.02583 3.590522 -0.7231454
525 13 128.70325 173.93544 73.575584 0.2017793
529 13 77.052986 42.50036 162.77414 -0.6746123
529 13 76.99733 42.531456 162.79364 0.11246524
529 13 12.465774 43.06805 40.71112 0.60865533
529 13 12.648347 43.307858 40.833084 0.056314744
529 13 12.634248 43.231884 40.808716 0.505069
529 13 93.12742 79.65468 35.476166 -0.52108383
529 13 92.96591 79.3288 34.92355 -1.2059407
529 13 11.7313595 104.76816 195.77571 0.8690872
529 13 12.04715 104.243 195.46289 -1.877997
529 13 11.761129 104.64497 195.93063 -1.9622214
529 13 11.72031 104.76465 195.79019 0.48381987
529 13 166.52881 24.733784 39.72537 0.3509291
529 13 166.46645 24.775806 39.703606 -0.17176142
558 13 63.98971 125.32637 113.51757 0.58918715
558 13 50.281166 149.48969 58.60606 -0.02449079
558 13 161.94284 89.080025 10.089307 1.1862617
558 13 65.10034 201.01717 74.85937 1.5616052
558 13 166.49597 39.780403 78.92733 0.016078576
558 13 166.48135 39.779655 78.90695 -0.12859564
558 13 166.51094 39.807198 78.963455 -0.15438752
558 13 57.531918 45.07655 3.5971138 1.0840611
558 13 57.47282 45.051067 3.5726388 0.7810588
558 13 101.73074 119.69673 82.95629 -0.17635058
558 13 120.814415 140.16054 194.63043 0.8335251
558 13 120.669136 140.17332 194.87576 0.56097025
558 13 37.985428 1.3228028 180.72638 0.5902287
565 13 132.65674 61.569687 125.425224 0.7445209
565 13 20.14019 199.41037 57.297276 -0.06922815
565 13 16.681091 125.13672 196.69595 0.9632954
565 13 1.7558036 200.83878 31.064571 1.1747869
565 13 1.8203635 200.78995 31.181057 -0.42628157
565 13 165.37292 103.20725 12.049126 1.0221721
565 13 165.36646 103.25234 12.073509 -0.14116612
565 13 114.70674 25.507536 48.42109 1.060736
565 13 115.00439 25.637007 48.46164 -0.04481329
565 13 115.0093 25.75334 48.647697 -1.268187
565 13 115.04858 25.744108 48.57602 -1.7851055
565 13 114.72804 25.486158 48.366615 -0.569036
565 13 166.31174 39.460777 79.12233 -1.4007553
565 13 166.63397 39.900856 78.66321 -0.89636815
565 13 166.78247 39.738655 79.07654 -1.9783193
565 13 166.60532 40.204033 78.96672 -1.229187
565 13 169.38971 43.739162 150.97404 -2.347912
566 13 16.745262 125.12565 196.7081 1.489929
566 13 37.741173 1.5409119 180.71333 -0.27603054
566 13 150.80753 173.64842 68.21814 1.256764
566 13 166.47928 39.83438 79.05314 0.5701512
566 13 166.414 39.81333 79.04116 -0.052930247
566 13 166.41739 39.79943 78.87118 -0.52392715
566 13 166.42534 39.871666 79.02648 -0.49140388
566 13 196.81154 124.68045 141.67422 -0.3684775
566 13 196.81265 124.71208 141.68826 -0.33967477
566 13 196.93034 124.7566 141.81635 -0.6501251
566 13 179.20097 62.56608 117.38139 0.47081983
566 13 179.33994 62.667442 117.70233 0.9057781
566 13 179.31195 62.69497 117.70592 -0.7696997
566 13 39.53339 165.74963 53.100178 1.4594882
566 13 39.11072 165.50046 52.923008 0.07958804
566 13 39.545338 165.72061 53.059452 0.10840139
566 13 39.377934 165.74376 53.16454 -0.8964145
566 13 88.878296 96.431244 37.556095 0.5850231
566 13 88.91769 96.502106 37.41866 -0.25049168
566 13 88.54384 96.586815 37.160236 -1.211574
566 13 159.52832 38.606 174.71045 -0.52258897
566 13 159.9902 38.82394 174.57027 0.21335301
566 13 160.01933 38.8456 174.54202 -0.52288806
566 13 153.923 65.76809 141.74257 0.30203947
580 13 105.984436 194.3439 125.296906 0.67215365
580 13 62.162766 178.48473 50.953056 -0.010577868
580 13 150.82167 173.67747 68.28056 -0.3750821
580 13 63.83902 125.1965 113.48842 1.5001247
580 13 64.103294 125.37663 113.71654 -0.13835113
580 13 63.984535 125.16771 113.40922 -0.7579914
580 13 133.85788 88.723335 69.72529 0.09114256
580 13 133.66806 89.08094 69.603874 -1.5054443
580 13 133.64633 88.66926 69.6505 -1.2383329
580 13 85.21217 138.68422 178.42938 -0.5479888
580 13 85.068504 138.65968 178.64502 0.28118694
580 13 84.99664 138.5424 178.74283 -1.8056444
580 13 85.23579 138.4921 178.65012 -1.1995306
580 13 85.24246 138.17229 178.47215 0.28890505
580 13 85.22287 138.20801 178.40053 -0.68284595
580 13 134.13293 88.99488 69.73973 -0.08481132
580 13 133.92981 88.82522 70.06282 -0.12925453
580 13 134.09523 88.72878 69.852745 -0.57515514
580 13 133.29974 88.99569 69.59854 -0.8790711
580 13 179.65393 62.75773 117.557976 -0.93496996
603 13 120.77256 140.10555 194.76312 0.30529225
603 13 114.70823 25.808916 48.57536 -0.7849221
603 13 64.77136 131.0602 83.11673 1.3612257
603 13 64.758835 131.07501 83.12852 0.8851876
603 13 64.7838 131.04321 83.107895 0.53365684
603 13 172.24164 151.0521 165.29526 -0.4470634
603 13 145.35545 28.975811 33.822468 -1.0901039
603 13 144.87627 28.58622 34.01428 -1.5235586
603 13 189.1624 189.4266 65.896515 0.11682574
612 13 54.977936 201.71997 137.2182 -0.061319906
612 13 80.92033 175.60133 54.126987 -2.336338
625 13 101.57447 119.64162 82.8453 -0.60156
625 13 43.058586 134.54765 169.98167 0.6678163
625 13 43.040718 134.39925 170.10051 -0.7429527
625 13 170.04121 160.08215 68.55027 0.34282866
625 13 169.7828 160.3146 68.6679 0.79724467
625 13 170.10403 160.10822 68.54503 -0.7760247
625 13 169.78421 160.33514 68.68337 -0.7415595
625 13 169.91278 160.60477 68.49344 -1.9481626
625 13 169.74274 160.28159 68.70539 -1.412228
625 13 135.03401 81.68045 177.37758 1.2012864
625 13 134.42548 81.36347 177.12103 -1.2762164
630 13 97.469734 183.67435 138.30325 -0.014419546
630 13 56.577393 11.838289 69.90088 -0.31789726
630 13 28.477676 80.77182 169.39455 -1.0255774
630 13 104.59777 195.30998 140.9684 -0.2908093
630 13 19.021988 171.85124 11.94245 1.5515091
630 13 19.058578 171.91087 11.903143 1.3989184
630 13 19.044128 171.76347 11.99262 0.8178703
630 13 19.061073 171.87741 11.841055 -0.35958317
630 13 19.110535 171.87605 11.890448 -0.4879002
630 13 19.09806 171.32101 11.686682 -1.2512324
630 13 147.474 176.87543 139.05252 -1.6768272
630 13 147.45343 176.9081 139.08412 0.665833
630 13 147.48145 176.74895 138.39966 -0.5669576
630 13 147.47258 176.26462 138.62773 -0.75684154
630 13 147.59854 176.99951 138.70694 -1.9380833
630 13 158.8205 188.69176 158.68364 -0.9960125
630 13 159.40314 188.6926 158.8615 -0.67996925
632 13 196.76059 101.918915 81.20443 -1.2194898
632 13 118.700836 129.5203 185.92679 -0.35579914
632 13 171.97253 108.07343 11.579901 -0.5793587
632 13 171.96996 108.09835 11.614691 -0.9805517
632 13 60.949757 139.65053 109.59397 -1.1510055
632 13 169.35056 44.19862 150.74217 0.8290246
632 13 169.36887 44.154552 150.7345 0.48771912
632 13 169.3143 43.684765 150.1365 -0.2897043
632 13 169.36255 44.138744 150.7385 -0.33090162
632 13 169.50768 43.460506 150.4711 -1.338947
632 13 150.75154 173.20549 68.01277 -0.50992835
632 13 151.1134 173.36119 67.89353 -0.1285964
632 13 150.81656 174.01567 68.50987 -1.3063095
637 13 28.517578 80.587204 169.27948 -0.27979708
637 13 173.9004 170.08511 128.31863 -2.3379698
637 13 119.82541 68.991714 193.18163 1.1327004
637 13 119.8342 69.00308 193.18353 0.87003374
637 13 150.85405 173.7248 68.21702 0.45960844
637 13 73.567955 200.74557 78.116776 -0.07507373
637 13 73.666374 200.91312 78.06158 -0.32411116
637 13 31.623182 89.860535 144.82996 -0.97097397
637 13 123.54962 160.89154 40.93942 -0.13153294
637 13 123.59729 161.13664 40.66602 0.22072205
637 13 123.73447 161.14433 40.587597 -0.13737762
637 13 123.731476 161.09195 40.578915 -0.6310533
637 13 123.72252 161.15968 40.703495 -0.49004048
637 13 39.45367 165.69933 52.71329 0.78476846
637 13 39.57786 165.62912 52.81368 -1.4477098
637 13 39.401318 165.91632 52.79633 0.70637244
637 13 39.194607 165.8653 52.912342 0.2390915
637 13 39.44914 165.6915 52.71481 0.19218734
637 13 39.118572 165.65092 53.231876 -0.17713062
637 13 39.15115 165.66081 53.22816 -1.1441405
637 13 185.6771 116.640816 21.34121 0.3961979
637 13 185.7561 116.86262 21.113312 1.1957843
637 13 186.0091 116.89248 20.924576 0.68753326
637 13 185.69435 116.562096 21.316772 0.3994918
637 13 65.86447 29.451881 166.16208 0.44791842
640 13 147.46835 132.66153 74.10912 0.25214273
640 13 84.651566 17.019432 104.406136 0.81698817
640 13 17.98469 9.527615 101.83405 -0.0572184
640 13 18.022669 9.505054 101.883446 0.7201845
640 13 61.010674 24.567444 65.927315 1.225225
640 13 60.955162 24.59523 65.993965 0.022597754
640 13 82.39117 35.194023 163.5022 0.93777025
640 13 82.40162 35.22848 163.52936 0.56867373
640 13 120.687416 140.21225 194.82935 -0.1946252
640 13 120.81451 140.1935 194.7004 -0.012702713
640 13 179.35413 62.520073 117.59151 0.94739735
640 13 113.35332 62.070885 191.11823 -0.6404138
640 13 113.56259 62.23951 190.84586 -0.75407016
640 13 42.121162 48.169292 147.16159 -0.3564363
640 13 119.62072 64.37729 154.34723 0.25948352
640 13 120.23397 64.53575 154.16302 -0.3392252
640 13 120.194435 64.5528 154.17188 -1.8500859
640 13 201.98085 71.30208 85.6109 0.59851533
640 13 201.95749 70.90851 85.55934 -1.2220807
640 13 201.9756 70.99904 85.598495 -1.7051715
640 13 202.03737 70.92169 85.6374 -2.3923774
640 13 201.923 71.31986 85.57491 -0.858775
640 13 114.90955 25.934752 48.1155 -1.0390393
642 13 85.35071 192.34296 67.55714 -1.302808
642 13 148.01955 131.0806 169.9231 -0.6396907
642 13 93.11173 79.28495 35.363575 0.57658046
642 13 161.80371 88.99041 9.796907 -1.0949118
642 13 162.27428 88.87194 10.116868 -2.3249295
642 13 13.938779 13.934288 127.01323 0.2397263
642 13 14.23924 13.686005 126.70219 -2.2365491
642 13 14.504102 13.534576 126.91365 -1.1062802
642 13 13.961377 13.956497 126.99107 -0.7560837
652 13 22.468966 176.56837 18.688856 -0.054201495
652 13 169.77655 160.25525 68.20813 0.4580717
652 13 93.034874 79.3889 35.13672 -0.3401624
652 13 97.201744 183.54245 138.13725 -1.1745673
652 13 92.447876 192.76862 59.9813 -0.6634732
652 13 92.843094 193.12672 59.95739 -0.7958164
657 13 86.033485 153.4297 62.7693 0.38626188
657 13 134.97998 81.32236 177.10632 -0.028827712
657 13 11.678633 104.1705 195.7917 -0.6953365
657 13 11.960524 104.60779 195.62857 0.5770158
657 13 11.431746 104.34081 195.42126 -0.41613832
657 13 11.925772 104.65573 195.68256 0.00095620967
657 13 9.857256 96.921455 182.47978 -1.7115024
657 13 10.002825 96.86427 182.556 -0.721605
657 13 10.10396 96.98085 182.8367 -1.7189369
657 13 42.239952 48.65228 147.0958 -1.9762231
661 13 28.269705 38.821426 134.59743 1.4334158
661 13 159.1481 188.41077 158.51894 0.43641126
661 13 85.00191 138.53552 178.40784 0.6616752
661 13 85.07363 138.54567 178.45471 0.69100845
661 13 85.07914 138.52269 178.45404 -0.54770046
661 13 1.8550239 200.91113 31.01875 0.09812636
661 13 62.31593 178.62997 51.1528 -0.5829543
661 13 62.314686 178.61932 51.16536 -1.3967243
661 13 138.48315 52.72499 33.559174 0.51429784
661 13 138.35663 52.308937 33.415726 0.4035479
661 13 138.4403 52.705536 33.48349 -2.494105
661 13 154.8495 132.10373 15.487796 0.59592545
661 13 154.97076 131.85672 15.918124 0.9063449
661 13 18.739601 171.45663 11.868353 0.8906243
661 13 19.183334 171.59695 12.1583 -0.71970314
665 13 81.00636 175.50343 53.726467 0.062051114
665 13 104.59031 195.0404 140.95714 0.99950916
665 13 104.54754 195.09448 140.7938 -1.9050136
665 13 82.45333 35.240807 163.61127 0.04019686
665 13 47.670475 186.10081 5.0160837 1.3364362
665 13 47.6787 186.08939 5.010957 0.7308203
665 13 47.661503 186.11049 5.0058374 0.5767857
665 13 47.4988 186.02344 4.8055735 -0.67500377
665 13 77.66485 25.53133 12.683136 -2.219502
665 13 77.69132 25.553265 12.850174 -2.3073835
665 13 77.978325 25.42117 12.723305 -1.2841789
665 13 179.3591 62.426216 117.56625 0.06744319
665 13 73.97575 12.0373535 106.59886 -0.3445489
665 13 74.24275 11.838341 106.52984 -2.008946
665 13 73.96912 12.055153 106.59416 0.11027908
674 13 102.304855 75.74676 117.24903 -0.23826584
674 13 155.81554 164.63232 168.46358 0.81679374
674 13 155.68405 164.64061 168.40285 -1.3370435
674 13 62.41011 178.40259 50.784958 -0.48392278
674 13 62.066288 178.20981 50.957275 -1.1124657
674 13 62.01173 178.28351 50.931595 -2.3067367
674 13 133.00377 5.047623 194.46973 -0.13415414
674 13 133.35022 5.0485005 194.12723 -2.1600876
674 13 49.217003 107.42717 172.2063 0.37073603
674 13 49.617935 107.49843 171.86415 -0.41393846
674 13 49.82633 107.13951 171.65941 -1.9998146
674 13 49.212543 107.391335 172.22974 -1.4867113
677 13 39.733654 43.924496 148.86072 0.9542633
677 13 60.89983 139.23111 109.49729 0.3253078
677 13 60.854465 139.50647 109.73598 -0.070021495
677 13 60.895603 139.45117 109.72391 -0.8660959
677 13 42.624878 134.49219 169.8985 0.73073965
677 13 42.684586 134.495 169.5936 0.15039498
677 13 42.827927 134.0011 170.04721 -1.568992
677 13 43.230988 134.10208 169.98413 -1.6611645
680 13 183.3087 57.151764 107.4638 -0.89084494
680 13 76.99428 42.413597 162.9529 -0.16811305
680 13 101.736 123.49297 180.9285 -1.5971115
680 13 141.63043 58.848297 69.966286 0.0037592552
680 13 141.66043 59.022095 70.048454 -0.16351405
680 13 54.870106 201.4905 137.33247 -0.89639515
680 13 38.72417 83.57307 152.75813 0.9610284
680 13 38.77236 83.059715 152.87389 0.4412113
680 13 38.55167 83.614876 152.51535 -0.6822257
680 13 167.54126 125.86948 33.77531 0.63051707
680 13 167.8039 125.38158 33.894424 -0.4530515
686 13 159.27542 188.4992 158.44788 -0.19029512
686 13 183.96527 133.86392 12.88386 0.8749261
686 13 84.83387 17.152683 104.19421 -1.2718595
686 13 113.61983 62.493942 190.76392 1.2362565
686 13 113.429504 62.545906 191.11682 -0.44923255
686 13 113.156166 61.892998 191.18143 -0.9804049
686 13 113.663704 62.459274 190.78087 -1.6410774
686 13 113.15636 61.926376 191.04218 -1.3145578
686 13 82.07974 34.81404 163.76724 0.42075837
697 13 67.78538 118.41195 69.37456 0.61636496
697 13 189.60675 189.51434 65.66641 -0.20062084
697 13 62.255886 178.57062 50.994385 -0.0022929902
697 13 49.3488 106.997856 171.87247 0.6307239
697 13 167.50172 125.42605 33.726032 0.43897176
697 13 10.340684 12.846433 172.53831 0.97572047
697 13 10.362855 12.894437 172.33713 0.5075295
697 13 19.231148 171.5116 11.569403 -1.304357
697 13 18.899742 171.4432 11.661123 -0.43986267
697 13 42.158943 48.59645 147.37697 0.83823216
697 13 179.6089 62.76551 117.5392 0.9238965
697 13 179.57166 62.7638 117.6192 -0.5612107
697 13 119.39105 68.92356 193.02481 -0.16340758
702 13 119.92283 64.33238 154.26018 -1.6792964
702 13 169.3765 43.81638 150.49675 0.4977657
702 13 74.216125 11.943043 106.75027 -0.5706053
702 13 119.88774 69.06147 193.22 0.13072167
702 13 119.91843 69.09073 193.15944 -0.4942877
702 13 126.2101 36.689835 65.93275 1.6446414
702 13 126.341 36.710598 65.92423 -0.8327422
702 13 61.16102 24.479656 65.834114 -1.371344
702 13 60.850014 24.633114 66.13694 -0.5754661
702 13 60.791084 24.707077 66.17034 -0.39448333
702 13 61.02392 24.24081 65.927986 -2.0579581
702 13 120.9791 139.86209 194.59514 1.3557724
702 13 120.42536 140.10718 194.90118 -0.204831
702 13 120.998634 139.98563 194.47672 -1.103702
702 13 120.51391 140.37138 195.01157 -0.5723585
703 13 31.456646 89.76761 144.74744 0.45463374
703 13 41.47924 21.489431 202.77689 -0.33422813
703 13 41.530655 21.509542 202.67064 -0.6465307
703 13 41.36445 21.418478 202.63773 -0.5741383
703 13 167.3388 125.33226 33.518513 0.0139919
703 13 183.73338 133.86621 13.183451 0.6644725
703 13 183.99225 133.92905 12.836695 0.09698862
703 13 183.70053 133.68332 12.779856 0.3159087
703 13 183.9235 134.04883 12.856546 -1.1189538
703 13 84.22373 17.04973 143.79482 1.3212998
703 13 84.235435 17.060549 143.77567 0.8840849
703 13 84.21216 17.015718 143.8225 0.42294735
703 13 84.3848 17.373735 143.6704 0.2501734
703 13 84.39174 17.246279 143.66548 -1.4967375
703 13 84.21256 16.925966 144.09215 -1.8366466
703 13 16.89993 125.33118 196.3962 0.074791804
703 13 17.096682 124.86066 196.74599 -1.2723446
703 13 84.95677 16.734241 104.256645 -1.0206567
703 13 85.07121 16.767017 104.546745 -0.7771658
709 13 123.70975 160.97804 40.71996 0.03862407
709 13 198.49286 193.01645 101.6606 -0.17717807
709 13 77.79577 25.420399 12.882212 0.9668393
709 13 81.017006 175.50578 53.831913 -0.9670782
709 13 174.06396 170.18459 128.0808 -1.1388648
709 13 174.06798 170.42839 128.37148 0.55348444
709 13 173.72766 169.91986 127.94396 0.6656959
709 13 173.90738 170.39151 128.18825 -2.5225084
713 13 129.21706 174.12836 73.64493 0.114188835
713 13 111.71628 151.27248 200.84494 0.8662295
713 13 111.54776 151.37607 200.83781 0.39638636
713 13 111.56888 151.327 200.86627 0.44170648
713 13 111.53984 151.34558 200.85736 -0.04992956
713 13 138.33932 52.497055 33.610386 0.46181718
713 13 155.68454 164.96985 168.271 1.2904214
713 13 155.63171 164.82683 168.34734 0.7081859
713 13 155.63536 164.81364 168.36147 -0.7644137
713 13 83.27682 2.7685823 81.72099 1.327069
713 13 169.61922 160.19702 68.11749 -0.9041082
713 13 169.94194 160.45995 68.215515 -0.8227164
713 13 82.37322 35.443405 163.43498 0.37693274
713 13 82.53721 35.36743 163.52386 -0.17352507
713 13 85.42402 138.27698 178.4899 0.71174884
713 13 84.84362 138.72867 178.60815 -1.5971837
713 13 12.869483 43.146675 40.78628 -0.8740074
718 13 167.42673 125.4418 33.65678 0.43191415
718 13 42.24272 48.410767 147.40303 -0.0011122157
718 13 42.33403 48.219467 147.29256 -0.42727572
718 13 106.157394 194.24974 125.4324 0.07801868
718 13 106.220474 194.36292 125.27449 -1.3766357
718 13 106.08265 194.34036 125.497215 -1.0102824
718 13 106.20197 194.29738 125.36397 -0.6727821
718 13 189.3551 189.67943 65.54273 -2.1897585
718 13 189.92165 189.50696 65.80581 -0.6814536
718 13 189.8678 189.45947 65.76517 0.11395995
718 13 116.26418 48.05902 76.57462 0.35077855
718 13 116.35892 47.6985 76.714325 -0.952009
718 13 117.0403 47.79431 76.61817 -1.8381294
718 13 116.27162 48.0383 76.57952 -1.5950642
719 13 38.642952 83.2488 152.5956 1.2692717
719 13 51.22957 95.01897 44.00612 0.88989574
719 13 56.57701 11.946085 69.79823 0.4614244
719 13 56.55725 11.910032 69.794525 0.1687957
719 13 84.92944 162.02359 7.5787034 0.66560644
719 13 62.172268 178.59229 50.97354 -0.4181819
719 13 169.33766 43.89455 150.34389 0.8826294
719 13 169.41965 43.845543 150.61597 -0.04547219
719 13 169.35509 43.920555 150.35078 0.15736203
719 13 165.72375 161.75012 60.669815 0.7889405
719 13 165.74178 161.75554 60.67758 0.628577
719 13 22.400736 176.50719 18.449293 1.2459353
719 13 22.355692 176.5108 18.412764 0.45625615
719 13 22.407495 176.57735 18.423368 0.83711416
719 13 22.411722 176.52167 18.44171 0.65198123
719 13 22.663187 176.39825 18.565977 -0.53921676
719 13 22.380762 176.5678 18.417418 0.54296196
719 13 22.397303 176.51822 18.44995 -2.476599
719 13 22.410105 176.5238 18.438353 0.70888144
719 13 148.06828 131.0175 169.62933 -0.72054696
719 13 147.9567 130.99496 169.57185 -0.29219392
719 13 148.12418 130.96335 169.80214 -2.239402
719 13 93.002785 79.222 34.939285 0.75701475
719 13 51.101746 94.66791 43.724503 0.5416251
719 13 51.428833 95.40318 44.261627 -1.190602
719 13 51.115723 94.65636 44.30594 -1.8080639
721 13 159.11497 188.48201 158.50572 -0.44076243
721 13 85.45322 192.33505 67.51622 0.6788129
721 13 85.41794 192.33618 67.49742 -0.42961055
721 13 102.19346 75.733246 117.41119 -0.07269539
721 13 177.48788 3.903634 8.465397 -1.0591991
721 13 173.75543 170.09299 128.41133 0.64784235
721 13 173.721 170.12976 128.35474 0.33520955
721 13 173.89964 170.02385 128.49695 -1.0561641
721 13 173.73036 170.08536 128.40948 -0.55143857
721 13 154.81525 131.9912 15.707721 -0.22332636
721 13 154.86948 132.07962 15.582461 -0.99190784
721 13 113.43863 62.24141 191.3316 0.10013352
721 13 113.175064 62.281113 191.04872 -0.5111043
721 13 113.39647 61.909393 190.83908 -2.2904634
721 13 28.636124 80.91611 169.17874 0.80521524
721 13 28.343048 80.86612 169.10637 -1.4972955
721 13 28.652023 80.36719 169.65965 -1.397804
721 13 28.574585 80.93808 169.31674 -0.5579026
721 13 50.32493 149.01942 58.754414 1.2849088
721 13 50.13723 149.75916 58.941944 0.6288263
721 13 50.349937 149.95976 58.581852 0.786235
721 13 50.524086 149.1571 58.340595 0.19170421
726 13 11.59252 104.42667 195.52916 0.87491727
726 13 42.960594 134.13841 169.72351 0.34279835
726 13 177.20856 3.9722223 8.265049 0.42544127
726 13 6.758855 75.86692 129.905 0.5747891
726 13 6.425412 75.61251 129.65825 0.3789853
726 13 6.407918 75.83123 129.74675 -0.33091772
726 13 39.64314 43.674828 149.31715 0.7495371
726 13 39.420994 43.890755 148.63248 0.30992517
726 13 39.183285 43.89068 148.8102 -0.54101485
726 13 84.965454 24.089478 150.04738 0.5071852
726 13 85.210724 24.483475 150.81993 -1.6541691
726 13 85.64696 24.10611 150.42715 -1.8412472
727 13 198.54065 192.84712 101.58269 1.3754978
727 13 198.52362 192.84727 101.58719 -0.635144
727 13 196.96521 124.61773 141.59439 0.72806764
727 13 196.8613 124.64825 141.82382 -0.5103324
727 13 145.2005 28.555061 34.2106 0.43467987
727 13 145.18707 28.482658 34.1253 1.0853479
727 13 145.29507 28.481758 33.865643 0.35096622
727 13 145.20381 28.516273 34.161552 -0.38621607
727 13 145.36914 28.47921 33.806263 -0.38948122
727 13 76.83347 42.166725 162.97098 -0.11575972
727 13 132.94727 61.422485 125.18732 1.1917882
727 13 132.62135 61.271347 125.217384 0.6418224
728 13 28.08471 39.03552 134.70767 -1.6016986
728 13 47.47106 185.71101 5.251237 -0.9413302
728 13 14.454417 14.185132 126.77651 1.0425338
729 13 133.29774 4.6540456 194.4231 0.21257836
729 13 133.20961 4.781533 194.53076 -0.8109027
729 13 47.980087 112.24049 174.141 0.5664364
729 13 48.05103 112.16513 174.51682 -0.6821207
729 13 47.978836 112.2374 174.51193 -0.7246541
729 13 105.86604 194.50554 125.52676 1.5088708
729 13 106.212006 194.50269 125.43726 0.3918953
729 13 105.83025 194.65683 125.38771 -0.02961792
729 13 106.18059 194.46951 125.43206 0.029380122
729 13 105.874084 194.47754 125.56599 0.34759277
729 13 176.9449 4.062051 8.308128 0.7866978
729 13 177.32774 4.2757196 8.524126 -0.5892458
729 13 177.60616 3.7717524 8.59675 -1.3949583
729 13 177.30957 4.1150904 8.660019 0.49137586
729 13 165.24179 103.63802 12.101021 -0.98840475
732 13 9.596735 96.720406 182.73293 1.0332767
732 13 9.632807 96.75651 182.67177 -0.5658415
732 13 196.46007 102.03345 81.01603 0.7927893
732 13 196.46478 102.01188 81.00536 0.4286273
732 13 196.40039 102.036835 81.19956 -1.6112769
732 13 196.46162 102.0352 80.98693 0.16557693
732 13 178.96832 62.49369 117.446526 0.9867336
732 13 179.53786 62.542126 117.539536 -0.8205308
732 13 178.95222 62.499916 117.426216 -0.01480747
732 13 28.009985 38.726067 134.3817 0.17276004
732 13 28.025381 38.745106 134.34825 -0.64258486
732 13 27.93987 38.6691 134.51567 -0.767689
745 13 19.01493 171.56717 11.708639 0.75038797
745 13 134.85168 81.55443 176.93361 -0.055743273
745 13 150.72855 126.90018 64.46768 0.41953573
745 13 150.867 126.9456 64.390274 -0.16074938
745 13 31.162046 92.3437 14.18344 1.3846064
745 13 30.767073 92.64704 14.003127 -1.3303239
745 13 196.64534 62.76382 140.38344 0.22695479
745 13 196.56079 62.852337 140.28061 -0.10437094
745 13 196.29366 62.458317 140.61444 -0.18719772
745 13 196.65753 62.488846 140.42386 0.98576486
745 13 196.65067 62.82105 140.36557 -1.8533229
745 13 196.64474 62.51817 140.3953 0.87532365
745 13 196.63544 62.46497 140.40343 0.22525698
745 13 196.53384 62.376568 140.54791 -0.7762656
745 13 196.63919 62.449963 140.38757 -0.5025846
748 13 19.080711 171.55997 11.85858 -1.3159837
748 13 67.902626 118.62641 69.313515 -0.059988894
748 13 22.991282 178.09473 19.144482 0.6763493
748 13 23.005533 178.43454 19.054722 0.8345261
748 13 23.222605 178.01198 18.694386 0.21172214
748 13 23.052027 178.43448 19.017841 -0.053683627
748 13 23.151377 178.47269 19.095005 -2.2168944
748 13 23.015772 178.44028 18.962864 -1.319798
748 13 82.83082 3.1357927 81.66868 -0.9547881
748 13 83.18107 3.2101603 81.93471 -1.3919336
748 13 80.5892 175.32793 53.996807 -0.9034146
751 13 38.677147 83.11964 152.64539 -1.1320324
751 13 153.95502 66.08575 142.0477 1.1867433
751 13 154.01909 66.14097 141.94629 -0.7949308
751 13 97.72597 183.52048 138.46982 0.33392188
751 13 97.22417 183.40819 138.51486 -1.0348282
751 13 97.7249 183.51169 138.46988 -1.3792557
751 13 97.801636 183.87947 138.4498 -1.3883752
753 13 196.69998 101.87721 81.095955 -0.15267697
753 13 172.68013 53.497314 61.648365 -1.6444958
753 13 39.239864 165.98431 53.0535 0.48838353
755 13 134.86171 81.4498 177.04785 0.33141947
755 13 134.84326 81.43046 177.03136 -0.12409213
755 13 134.83832 81.44786 177.03868 -0.28427047
755 13 172.02939 108.15329 11.870657 0.10477305
755 13 185.87617 116.49925 21.06652 0.21550602
755 13 185.93835 116.52457 21.154228 0.7056614
755 13 185.96872 116.48809 21.147285 -0.18635347
755 13 189.59206 189.44562 65.79878 0.30708933
755 13 16.73956 124.98153 196.78166 0.73445004
755 13 134.81552 81.30887 177.11703 -0.2400181
755 13 28.419106 80.57468 169.53279 0.13730007
755 13 28.539398 80.77912 169.44754 -0.3310126
755 13 28.446442 80.52199 169.52644 0.099150054
755 13 28.454838 80.55797 169.56616 -0.032987744
755 13 17.492437 161.85509 203.28003 1.6111147
755 13 17.425756 162.19376 202.81706 -0.191656
755 13 17.644613 162.26572 202.84589 -2.0189502
755 13 17.519003 162.07285 203.36224 0.42418963
755 13 190.60953 161.27481 44.448414 0.9084796
755 13 190.64542 161.36243 44.528904 -0.07572979
755 13 190.45407 161.66318 43.860386 -1.3720589
755 13 190.62099 161.34882 44.575962 -0.5959945
757 13 183.29506 57.16707 107.47872 -0.64985263
757 13 47.612534 185.99545 4.878785 -0.049892563
757 13 60.51812 131.172 76.94846 -0.17223181
757 13 84.83029 161.93971 7.4364457 0.0073326956
757 13 84.98469 138.42496 178.2657 1.3420726
757 13 85.12639 138.2869 178.50136 -2.5143557
757 13 55.97783 11.913734 47.81056 1.4773207
757 13 55.787514 11.828072 47.938976 -0.04953822
757 13 55.938187 11.990166 47.703777 1.0623144
757 13 55.976154 11.927162 47.78349 1.025978
757 13 55.873657 11.914207 48.119297 0.13443509
757 13 55.610683 12.074242 47.988163 -0.2380666
757 13 55.71431 11.968727 47.68349 -1.1706924
757 13 165.90202 161.50053 61.02501 0.67988384
757 13 165.98218 161.50514 60.992073 -0.50645894
757 13 165.87332 161.42462 61.015793 -0.9371454
757 13 165.90456 161.64159 61.110626 -1.0541353
757 13 165.7063 161.79604 60.61409 -0.8659055
757 13 165.8524 161.57281 61.184242 -2.4897232
757 13 88.705 96.304565 36.917484 -0.2533105
757 13 88.69952 96.53635 37.00162 -0.6502263
757 13 39.663105 43.552696 148.646 -2.1404507
758 13 48.11612 112.19858 174.4137 -0.7870594
758 13 183.64499 133.81126 13.054174 1.0527605
758 13 183.94427 133.87071 12.8076 0.7350953
758 13 183.94635 133.87082 12.766539 1.1208022
758 13 183.64468 133.7991 13.049055 0.72558105
758 13 47.733997 185.74443 5.02818 0.6700672
758 13 47.50912 186.04987 4.62827 0.3172445
758 13 47.468174 185.79678 5.1261034 -0.2289498
758 13 135.21237 81.6138 176.81276 -0.8660786
758 13 134.6258 81.33812 177.27997 -0.9113165
758 13 18.841682 171.81796 12.140726 -0.4004167
758 13 18.987694 171.84795 12.132586 -0.28952467
758 13 19.102127 171.36917 12.14007 -0.88003504
760 13 67.85414 118.388466 69.35108 0.60823923
760 13 39.63992 43.920513 148.90555 0.9895006
760 13 17.64158 161.9618 203.09317 0.27994165
760 13 166.43018 24.353611 39.428482 1.5942197
760 13 67.91157 118.09871 69.481544 -1.2699474
760 13 104.73963 194.74828 141.17831 -0.5010842
762 13 141.49089 58.79048 70.16274 -0.01789955
762 13 76.87032 42.377945 162.95396 1.1735566
762 13 76.936874 42.30845 162.9107 0.63330454
762 13 76.872734 42.36155 162.92514 0.2954546
762 13 76.891884 42.39377 162.95618 -0.36519143
762 13 101.64803 119.63815 82.878914 1.2650604
762 13 101.64488 119.691025 83.005165 0.9822134
762 13 101.9959 119.70889 82.83915 0.14675488
762 13 101.94921 119.59937 82.81493 -1.8979406
762 13 97.48038 183.93742 138.4234 0.84238976
762 13 97.44765 183.95268 138.4101 -0.81657887
762 13 64.83051 200.97983 74.91742 0.8202045
762 13 65.15846 201.31851 74.97383 0.7308232
762 13 64.831764 200.99803 74.91568 0.31290686
762 13 65.03511 201.31108 75.03731 -0.509564
762 13 155.478 131.88454 15.446155 -0.34344798
762 13 154.94298 132.20471 15.877505 -0.7277508
762 13 154.8319 131.71864 15.885837 -2.2533576
763 13 55.7957 12.090218 47.90335 0.38222212
763 13 147.42982 132.58905 74.17731 -0.19413216
763 13 77.89265 25.268953 12.730198 0.69942087
763 13 77.874794 25.510248 12.811676 0.7289461
763 13 116.7552 47.84916 76.74251 0.6380163
763 13 196.56145 62.451866 140.4415 -1.6961068
763 13 196.30756 62.507706 140.61194 -0.7589953
763 13 1.734632 200.71692 31.411617 -0.41514444
763 13 1.7433448 200.63324 31.392887 1.2372595
763 13 1.7797217 200.61963 31.38966 0.61251515
763 13 1.7513099 200.66402 31.352299 -0.3237707
763 13 111.411285 151.09389 201.09995 0.74767256
765 13 39.28968 165.66422 53.085514 0.08154524
765 13 39.21779 165.65215 52.92011 0.10482987
765 13 39.24019 165.6228 52.921192 -0.4233145
765 13 42.270664 48.268684 147.3209 0.023161449
765 13 42.049164 48.305733 147.20813 -0.30835986
765 13 20.079226 199.52133 57.106 0.90421593
765 13 20.037695 199.46759 57.12187 -0.130073
765 13 74.349266 99.211105 156.06252 -0.103586346
765 13 74.26367 99.1615 156.1165 -0.45084327
765 13 150.53331 173.66989 68.08249 -0.8196278
765 13 150.77878 173.74396 67.912796 0.4948219
765 13 150.63718 173.65666 67.89836 -0.6985862
765 13 151.10738 173.46901 68.28339 -1.2496278
765 13 37.943436 1.489505 181.01323 -0.9501267
765 13 38.053066 1.3639634 180.97945 -1.0142514
765 13 65.53185 200.88112 75.11165 -0.43728724
766 13 9.756899 96.70719 182.81584 1.4486089
766 13 12.420432 43.173492 40.915222 0.42583022
766 13 123.71205 160.90244 40.79652 -0.3456509
766 13 42.87941 134.36154 169.74802 0.64084023
766 13 42.893265 134.35814 169.70139 0.65966296
766 13 39.534138 43.969524 148.89497 0.85595274
766 13 39.50771 43.772385 149.00208 -1.0650784
766 13 39.528103 43.941708 148.90715 0.39174855
766 13 153.95177 66.37354 141.96117 -0.0311652
766 13 153.83585 66.34194 141.88858 -0.42723167
766 13 80.82725 175.24387 53.824512 -1.641834
766 13 20.35653 199.18648 57.23968 0.30396155
766 13 138.66495 52.63174 33.33397 -0.5756515
766 13 138.7699 52.532135 33.26764 -0.6194258
766 13 138.2751 52.204407 33.729538 -1.1178195
766 13 138.48154 52.328903 33.968246 -2.048771
766 13 198.7349 193.29898 101.41089 -1.0715477
767 13 22.439707 176.47357 18.618586 -0.14768124
767 13 141.60785 58.760406 70.11841 -0.5452564
767 13 80.75636 152.87933 194.79433 0.3581283
767 13 80.914795 152.71823 194.47198 -0.1120322
767 13 73.424065 200.99065 78.10376 0.86042607
767 13 73.42587 201.00616 78.05031 -1.7104528
767 13 61.163372 24.212765 65.85014 0.5507188
769 13 145.21698 28.59002 33.96107 0.1505375
769 13 95.43982 144.34789 37.92204 0.11047952
769 13 118.86126 129.51988 186.33987 1.4910978
769 13 118.90742 129.3229 186.08556 1.3363878
769 13 118.88849 129.30185 186.06445 -0.1151539
769 13 27.300323 68.68588 203.7257 0.1507198
772 13 159.63202 38.76388 174.39381 -0.5379289
772 13 54.859688 201.9042 137.39319 -1.4504677
772 13 113.30386 62.06772 191.1535 0.9624336
772 13 113.26809 62.12268 190.80672 -1.5854163
772 13 113.34004 62.085495 190.82513 -1.8986431
772 13 113.31932 62.343918 191.139 -0.022638436
772 13 113.28237 62.34665 191.11087 -1.0198473
772 13 113.334335 61.982056 191.13907 -0.93800914
772 13 113.23901 62.14395 191.11583 -0.82852745
772 13 80.60982 152.93759 194.85095 -0.746003
772 13 80.85891 153.1254 194.85788 0.032933965
772 13 80.67552 152.49869 194.78995 -0.002394596
772 13 83.948 17.513536 143.91258 -1.4442003
773 13 186.01169 116.65543 21.14317 -0.47961766
773 13 166.05276 24.568455 39.571938 1.0248184
773 13 166.2744 24.588367 39.635605 0.5930965
773 13 166.04945 24.58469 39.57739 1.0487573
773 13 41.621902 21.582083 202.8445 -0.28023604
773 13 41.773117 21.394232 202.58421 -1.2627021
773 13 119.65592 64.641945 154.35886 1.038366
773 13 120.35612 64.323586 154.25345 -1.4698594
773 13 119.56779 64.54839 154.43323 -1.8646729
775 13 93.03021 79.48578 35.25166 0.465842
775 13 133.72644 88.850395 69.78364 0.35840067
775 13 86.116714 153.4007 62.50177 0.1334885
775 13 132.6977 61.696762 125.42419 1.3694583
775 13 9.8471775 96.83685 182.82765 1.4442751
775 13 97.26063 183.658 138.41124 0.7867188
775 13 97.38292 183.53767 138.20724 0.40936518
775 13 97.283844 183.65953 138.3912 -0.635717
775 13 150.60097 127.08118 64.09728 -0.5204518
775 13 153.8847 65.91384 141.96535 0.46576837
775 13 154.11072 66.44022 141.87585 0.5316887
775 13 50.087532 149.68112 58.33178 -1.014867
775 13 50.198242 149.0804 58.573868 -0.70699006
775 13 47.831673 112.43709 174.46898 0.2114613
775 13 48.155716 111.86517 174.71745 0.24859689
779 13 114.66757 25.707777 48.604034 -0.75453687
779 13 141.43015 58.84577 70.27927 -0.38249686
779 13 80.95648 175.26389 53.61233 -1.4509097
779 13 80.8844 175.29977 53.626354 0.66726255
779 13 84.88275 161.73077 7.5310807 1.5250344
779 13 84.6738 161.8634 7.4620805 0.90674835
779 13 84.69532 161.83635 7.5284257 0.66431797
779 13 60.34056 130.8432 77.00959 0.62111753
779 13 60.486145 131.17126 76.71682 -0.41313016
779 13 60.57299 131.38461 77.087685 -0.22874025
779 13 184.57251 63.810474 104.17966 -2.2869394
781 13 190.54337 161.50558 44.08254 -0.41132045
781 13 190.52106 161.46342 44.075687 -0.553203
781 13 92.946754 192.72064 59.980217 0.41708702
781 13 92.89329 192.7156 59.819298 -0.07148713
781 13 155.00784 131.96545 15.514667 0.5509152
781 13 155.04886 131.85242 15.708926 -0.112879045
781 13 147.41449 176.57672 138.66974 -0.32943687
781 13 28.209906 38.932247 134.40634 1.0407271
781 13 28.401793 38.873627 134.40086 -0.9263755
781 13 28.211432 38.843285 134.36452 -0.24891454
781 13 80.981995 152.75174 194.82079 -0.3216627
781 13 133.83224 88.59558 69.853355 0.9967276
781 13 133.88089 89.15384 69.7102 1.0605414
781 13 133.58447 88.6433 69.519966 0.4984761
781 13 133.7944 88.57759 69.841545 -0.013731186
781 13 133.77844 88.599075 69.86092 -0.23687722
781 13 73.9535 11.760941 106.922905 0.0827197
781 13 73.986565 11.901665 106.98577 -0.3322392
781 13 74.32504 11.641617 106.88114 -0.7200151
781 13 9.95038 96.34792 182.59142 -1.2682993
787 13 16.67495 125.173294 196.70782 0.86278874
787 13 19.106087 171.73293 11.868269 -0.6594529
787 13 18.966927 171.7582 11.771902 -0.5256138
787 13 16.53907 125.09656 196.89275 0.43251264
787 13 196.92813 102.04013 80.89828 -0.57530195
787 13 167.47156 125.105606 33.934963 1.0581486
787 13 167.46829 125.81302 33.812122 0.71617305
787 13 16.833847 125.476685 197.0466 -2.0633612
787 13 17.100819 125.197296 196.46486 -1.9394966
788 13 9.747339 96.73385 182.81805 0.4568758
788 13 63.997776 125.26843 113.55926 -0.35674238
788 13 189.5712 189.62277 65.706856 0.023589881
788 13 189.64929 189.44391 65.70821 0.39913896
788 13 189.56897 189.44171 65.66776 -0.66457975
788 13 114.57335 25.817938 48.46721 -0.7911798
788 13 37.788506 1.7038987 180.88225 0.8081638
788 13 37.721306 1.7738068 180.63501 0.60416824
788 13 37.50814 1.6391327 180.73703 -0.15869048
788 13 37.70408 1.3067505 180.6279 -0.56193924
788 13 129.07549 173.75919 73.644424 0.7712607
788 13 129.34592 174.12549 73.93398 -0.0691665
788 13 129.02463 173.95961 73.93219 -1.8004136
788 13 6.4066668 75.79439 129.43875 -1.470051
789 13 196.37448 62.65262 140.37961 -0.4855536
789 13 80.80593 152.63045 194.58894 0.52435946
789 13 80.8435 152.91847 194.6921 0.72713673
789 13 80.85468 152.64978 194.56776 -0.2533266
789 13 83.18113 3.1389055 81.74513 -0.8550819
789 13 121.2523 140.26295 194.8118 0.6600019
793 13 35.50453 155.53943 76.21026 0.7969425
793 13 54.98317 201.83067 137.57053 -0.99121577
793 13 10.104646 12.808362 172.27252 -1.3363527
793 13 10.445657 12.801047 172.5993 -0.27586055
793 13 22.580446 176.22119 18.733358 -0.7062062
793 13 22.178774 176.32143 18.659506 -0.6080455
793 13 22.149126 176.521 18.553198 -0.27361056
793 13 22.167505 176.36877 18.645063 -0.050765228
793 13 22.150034 176.52937 18.480253 -0.5553476
793 13 84.06971 16.969234 144.05994 0.9573194
793 13 84.009575 17.193056 143.68153 -0.048237313
793 13 84.00893 17.056644 143.75334 -0.017675579
793 13 119.75747 64.267746 153.86652 -0.44807684
795 13 189.57556 189.53587 65.791824 -0.15635152
795 13 31.380308 89.72417 144.86707 -0.49401465
795 13 84.2711 17.252855 143.8479 0.070322484
795 13 84.17491 17.229265 144.06567 0.43069702
795 13 183.80238 133.68434 13.177469 0.9650481
795 13 183.51436 133.85411 13.049326 -0.13895874
795 13 184.11203 134.00511 12.915293 -2.306603
795 13 183.6658 133.63956 12.706461 -1.0457869
795 13 183.47015 133.86406 13.024576 -0.47573453
795 13 183.79382 133.67732 13.20196 -0.43461433
795 13 65.20712 200.75993 74.542465 0.5037763
795 13 65.08063 200.74414 74.55214 -0.5968834
795 13 64.81093 201.04482 74.99478 -1.0054874
795 13 38.992058 83.02293 152.39445 -1.0442934
795 13 38.24331 82.95576 152.50037 -1.1851583
798 13 116.692604 47.97281 76.42608 -2.021888
798 13 159.51512 38.679256 174.32979 -1.0257864
798 13 159.72539 38.81959 174.5539 0.15296555
798 13 49.280987 107.31002 172.00162 -0.3702349
798 13 49.137794 107.012634 171.98389 -1.9817803
798 13 18.235634 9.491615 101.55415 -1.8845487
798 13 36.009773 155.5412 76.07256 -0.23247342
798 13 35.559387 155.27274 76.13683 -1.1988213
801 13 74.54321 99.06458 156.16959 0.11909373
801 13 74.331024 99.273094 156.38013 -0.39066797
801 13 74.41409 99.103714 156.4874 0.5115315
801 13 74.52931 98.991066 156.19096 -0.07646729
801 13 102.44401 75.61459 117.15646 1.2498491
801 13 102.41158 75.53869 117.36879 -0.78814435
801 13 102.43972 75.5908 117.17916 -0.06495266
801 13 197.18161 124.526924 141.82623 -0.29209578
801 13 197.19388 124.80469 141.77446 -2.252271
801 13 60.750412 130.81699 77.06464 -0.12703435
801 13 60.67209 130.72073 77.095085 0.16029184
801 13 60.33551 131.45987 77.07247 -2.2676144
805 13 84.252014 17.343765 143.94179 0.054751117
805 13 88.59395 96.07313 37.29356 0.96538717
805 13 102.138306 75.405136 117.36156 0.9017937
805 13 102.27822 75.43129 117.50184 -2.3733828
805 13 102.12457 75.9532 117.19331 -1.1278046
805 13 101.917175 75.741165 117.167145 0.835683
805 13 102.33325 75.35306 117.467766 -0.5750853
805 13 102.2621 75.34415 117.31246 -1.2492012
806 13 85.22856 24.29152 150.36034 0.67578435
806 13 133.6878 88.85726 69.72876 0.122511975
806 13 184.66896 63.837505 104.54452 0.35397577
806 13 169.79205 160.24998 68.338646 0.3197177
806 13 172.68146 53.273193 61.843555 1.0037409
806 13 84.89803 161.86967 7.571837 -0.41431224
806 13 155.94763 164.91312 168.34866 0.5747311
806 13 65.77914 29.558937 165.99869 -0.3440415
806 13 65.49263 29.684196 165.6224 -2.0921218
806 13 14.368886 13.567192 127.19762 -0.104516625
806 13 31.858725 89.80838 144.9949 -0.08158333
806 13 31.490705 89.37915 144.59366 0.39056295
806 13 17.200495 161.84293 202.83522 0.37093136
806 13 18.001337 162.11392 203.22171 -0.25667375
806 13 17.961008 162.32112 203.1636 -0.49651763
807 13 30.930338 92.54569 14.09233 -0.85210395
807 13 60.964115 24.628353 66.102776 0.7874774
807 13 61.002903 24.702618 65.992096 -1.7006743
807 13 60.877487 24.608746 65.88962 0.33269656
807 13 67.64435 118.29547 69.296295 0.79875124
807 13 67.66057 118.27954 69.298584 1.2515867
807 13 16.729778 124.93761 197.00024 -1.601178
807 13 16.56894 125.12779 197.02979 -2.172147
807 13 18.092966 9.460548 102.23469 0.61937267
807 13 18.237688 9.434578 102.14606 -0.5954135
807 13 18.175604 9.719383 102.19071 -1.2173765
807 13 73.863365 11.777725 106.965454 -1.3673092
811 13 9.831827 96.726685 182.80576 -0.020063212
811 13 9.807043 96.712135 182.86472 -0.61213255
811 13 41.5363 21.407133 202.75287 -0.48586988
811 13 23.206135 178.30922 19.031368 0.3752059
811 13 22.460981 176.39404 18.762037 -1.2009784
811 13 35.638435 155.33217 76.10035 0.49499297
811 13 35.62136 155.43051 76.45168 -0.5969534
811 13 35.82147 155.85373 76.12443 -0.89562285
811 13 35.76576 155.42545 76.04609 -0.3129571
811 13 73.78182 201.14854 77.89941 0.37257463
811 13 73.82618 200.47763 77.76498 -2.2464235
811 13 73.63433 201.07927 77.69169 0.24305582
811 13 73.741165 201.20358 77.84254 -0.52388823
811 13 73.60075 200.4032 77.97941 -2.000155
811 13 73.63699 201.01978 77.679924 -0.0852195
811 13 88.550644 96.12362 36.90682 -1.4866371
812 13 133.28177 4.543999 194.52698 -0.98036605
812 13 198.60638 193.09305 101.90042 1.0150875
812 13 198.61772 193.19585 101.85831 -0.48325393
812 13 198.53694 192.70638 101.88874 -1.6066835
812 13 165.17053 103.51269 11.86319 1.2872827
812 13 165.17844 103.39956 11.847595 -1.7273228
812 13 165.1774 103.49918 11.989342 -2.174424
812 13 165.4651 102.94199 12.251656 -0.401822
812 13 106.40416 194.29274 125.26044 0.97761714
812 13 106.355316 194.10902 125.408195 -0.7027638
813 13 162.08836 88.98144 10.229197 0.73473096
813 13 84.48117 17.254198 144.13211 0.28281373
813 13 159.17159 188.2265 158.33632 0.9639619
813 13 159.14044 188.63406 158.71722 -0.63136387
813 13 101.90623 123.56004 180.39368 0.24439922
813 13 101.48382 123.72295 180.8607 -0.05376079
813 13 56.430664 11.484652 69.61344 -0.7821492
813 13 56.511047 11.61146 69.41757 -0.74333334
814 13 167.39355 125.59425 33.642315 1.1860355
814 13 167.42822 125.55199 33.754047 1.1192273
814 13 167.47672 125.369446 33.540516 -1.3500352
814 13 1.7355933 200.732 30.920078 0.10470951
814 13 148.05421 131.2887 170.09373 -1.0656283
814 13 74.45252 99.22669 156.61182 1.0041862
814 13 74.523834 99.31734 156.11693 -1.432883
814 13 74.484985 99.28032 156.58842 -0.035629027
814 13 159.22717 188.83598 158.4245 1.2628934
814 13 158.97661 188.11435 158.47256 -0.2876409
814 13 159.1909 188.836 158.46103 0.005256972
814 13 159.20865 188.84482 158.4154 -0.013471436
814 13 118.70342 129.25037 186.3631 0.8142103
816 13 55.82322 12.086967 47.973278 0.71429586
816 13 93.111465 192.74593 59.94686 1.3935032
816 13 92.95414 192.62878 59.715828 -0.67268366
816 13 92.70979 192.60771 59.945854 -1.4619403
816 13 41.23523 21.377707 202.67949 -1.0530374
816 13 92.86067 192.8919 60.123894 0.8307355
816 13 22.145948 176.32579 18.76895 0.43663
816 13 22.232183 176.90724 18.650312 -2.011727
816 13 22.84165 176.594 18.713133 0.11648629
816 13 22.72009 176.24284 18.729002 -1.549944
816 13 22.082743 176.51398 18.625135 -2.4745948
816 13 17.541037 155.13414 149.5348 -0.6248724
816 13 16.874834 154.86711 149.54825 -2.2452738
816 13 17.716036 155.01788 149.87535 -0.54350966
817 13 76.924774 42.371796 162.85118 0.63839
817 13 133.77542 88.878365 69.80843 -0.7666006
817 13 11.769346 104.4638 195.43077 0.0822031
817 13 11.7694 104.42475 195.42287 -1.1144133
817 13 147.54266 131.37106 169.8057 -0.0023921754
818 13 28.478638 80.610886 169.2988 0.6727592
818 13 189.60138 189.55878 65.656265 -0.60799205
818 13 35.607822 155.6685 76.311134 -0.46586728
818 13 35.562965 155.6987 76.25324 -0.4912632
818 13 10.275613 12.621694 172.47388 -1.641871
818 13 10.311269 12.623456 172.41446 -0.54076666
818 13 10.249501 12.861966 172.4655 -0.6461183
818 13 85.364395 24.126564 150.4087 -1.0319562
818 13 85.25298 24.105988 150.43904 -1.5141431
818 13 82.8502 2.9471827 81.50444 -0.783053
818 13 198.42834 193.29424 101.410706 0.79207426
818 13 198.64816 192.81491 101.99434 -0.7404377
818 13 198.1807 193.0449 101.47687 -1.4757314
818 13 154.96973 132.32487 15.340732 -1.1337808
818 13 155.1688 131.75403 16.065617 -0.57444793
818 13 155.47287 131.64145 15.663699 -0.9873266
823 13 6.6744795 75.815025 129.74048 -0.34871572
823 13 83.19295 3.041459 81.65694 -0.5007306
823 13 129.21848 174.27805 73.62268 -0.30718333
823 13 57.580658 45.374798 3.7493737 0.28220582
823 13 57.420708 45.211147 3.3140252 1.5064884
823 13 57.224434 45.17094 3.4362786 -1.2866081
823 13 129.31862 174.36948 73.866806 1.0083644
824 13 6.7039423 75.708206 129.6845 0.24799433
824 13 30.958921 92.411224 14.065169 0.3900185
824 13 183.39685 57.080208 107.40429 0.3934414
824 13 84.78496 138.48782 178.3443 -0.6275949
824 13 150.43784 127.116974 64.24779 1.470504
824 13 150.43271 127.072464 64.22151 -0.21664824
824 13 150.40869 127.14961 64.27159 -0.29421926
824 13 177.40102 4.26217 7.992939 0.63958526
824 13 176.9862 3.692071 8.258335 0.67530024
824 13 177.426 4.306859 8.622318 -1.3083144
827 13 173.66742 170.10385 128.2176 0.12419275
827 13 102.20367 119.52434 82.90732 0.721199
827 13 102.01894 119.413025 82.60109 -0.318477
827 13 102.20938 119.709625 82.92789 -0.6178122
827 13 183.48013 56.732914 107.36484 -1.2871101
827 13 183.77055 57.373116 107.58497 -0.75976396
835 13 80.88523 152.79926 194.67796 0.43948555
835 13 80.89443 152.84496 194.63757 -0.49759272
835 13 84.64319 17.113102 104.23814 -1.2201791
835 13 166.33913 39.63125 78.85557 0.8467469
835 13 48.257126 112.339325 174.42122 0.40882757
835 13 16.927126 154.701 149.83875 0.52930343
835 13 17.59189 154.73553 149.75648 0.6094782
841 13 67.716515 118.47022 69.37218 -0.4432156
841 13 67.689705 118.42552 69.32674 -0.2661137
841 13 67.73522 118.48697 69.33592 -0.4196159
841 13 201.50934 71.1046 85.75021 -1.6521561
841 13 186.0617 116.66876 20.930473 -1.2828509
841 13 93.07175 192.49063 59.888847 0.7345829
841 13 92.917465 192.72214 60.161568 -1.614938
841 13 166.02176 24.607796 39.682735 1.0669597
841 13 85.03239 162.35089 7.738463 0.04314329
841 13 84.583496 162.23753 7.6426835 1.018161
841 13 101.5409 120.01823 82.74621 -0.42175597
842 13 147.55887 132.54796 74.26118 0.7533264
842 13 147.44566 176.86235 138.65811 1.1977806
842 13 147.50305 176.82399 138.68492 -0.624203
842 13 145.25214 28.941383 33.967907 -1.6831031
842 13 145.18948 28.84539 33.87299 0.20023838
842 13 183.60016 133.67868 13.161661 -1.8088664
842 13 161.54788 89.27595 9.956822 -0.10930977
843 13 39.23968 165.59898 52.853542 -1.8881146
843 13 39.313168 165.58107 53.152653 -0.41426432
843 13 17.01465 154.99408 149.77763 1.7533014
843 13 9.954538 96.531494 182.98 1.2231734
843 13 9.809473 97.062836 182.82585 -0.010405999
843 13 9.626841 96.88461 182.58937 -0.2842721
843 13 9.647425 96.84773 182.60498 -0.5934793
843 13 45.050182 133.6875 112.34177 0.3675153
843 13 45.05943 133.72775 112.2935 0.034966756
843 13 45.088177 133.71176 112.31086 -0.6268917
843 13 133.71796 89.33555 69.871544 0.48208004
843 13 133.4472 89.11518 69.43263 0.3358044
844 13 63.915035 125.266754 113.60091 0.855009
844 13 145.09421 28.526253 34.059208 -0.0033670375
844 13 145.11295 28.578125 34.101143 -0.0645763
844 13 119.698715 68.931755 193.04407 -1.2298571
844 13 120.540276 140.15964 194.65964 0.60340655
844 13 120.60077 140.20825 194.61696 0.5006545
844 13 27.666626 68.38267 203.73625 1.2946589
844 13 27.64096 68.38433 203.50098 0.72783315
844 13 196.50003 102.17905 80.72915 1.2141197
844 13 196.47714 102.21682 80.76364 -0.364351
848 13 17.35135 154.90971 149.68588 0.5585074
848 13 111.85309 151.44055 200.7039 0.7661145
848 13 111.770706 151.33627 200.63593 -0.7346494
848 13 147.43118 132.43704 74.30765 0.32006606
848 13 147.31898 132.656 73.83337 -0.68515956
848 13 147.50888 132.44513 74.36269 -1.966951
848 13 60.61745 139.0888 109.74762 0.00019643008
848 13 60.5696 139.40659 109.1805 -1.7354445
854 13 12.380599 43.273594 40.87236 1.0969447
854 13 60.763332 139.55467 109.590805 0.84663725
854 13 189.58083 189.70627 65.59657 -0.090189405
854 13 189.4707 189.62596 65.59631 -0.2579726
854 13 189.51997 189.67865 65.60915 -1.403026
854 13 85.22607 24.449379 150.19566 0.829373
854 13 85.25479 24.457436 150.21028 -0.02895711
854 13 196.04366 62.73101 140.20525 -1.0796292
855 13 55.81719 12.0662155 47.966778 0.6309582
855 13 159.774 38.691746 174.4003 0.38576686
855 13 159.65442 38.81416 174.43553 -0.07359687
855 13 172.65231 53.331673 61.921574 0.67177767
855 13 102.07912 123.39202 180.8933 0.008953135
855 13 31.067778 92.27367 14.4304495 -0.32118833
855 13 30.609056 92.60683 14.036696 0.7086316
855 13 31.323328 92.358795 14.25888 0.91476935
855 13 30.69657 92.74929 14.3510275 -0.034833875
855 13 30.614702 92.69128 14.268096 -0.9183534
855 13 31.197397 92.25308 14.232451 -1.4375485
857 13 165.49973 103.194496 11.959839 -1.5641667
857 13 50.32244 149.40152 58.47176 0.70402
857 13 148.08627 131.25577 170.03854 -0.643389
857 13 148.101 131.29755 169.72987 -0.95982784
857 13 148.11209 131.08669 169.86423 -2.1194806
857 13 148.09348 131.13707 169.74174 -0.8137427
857 13 45.10944 133.61664 112.70091 0.5545133
857 13 95.24457 144.14438 37.707947 1.6517835
857 13 95.04896 144.50351 38.111176 -0.84047866
857 13 95.06834 144.55356 38.02797 -2.3294861
857 13 85.29143 191.9274 67.63287 -0.89875716
857 13 85.30191 191.93535 67.63887 -2.1295562
860 13 84.54901 17.047142 104.37328 0.21248077
860 13 30.888456 92.41455 13.996871 -1.3938329
860 13 60.870426 139.36658 109.66987 0.34362417
860 13 172.36415 151.0156 165.30743 -1.3819175
860 13 172.8101 150.92403 165.19196 -2.0343304
860 13 139.75134 30.210114 38.09759 -2.154983
863 13 60.542145 131.0228 76.91887 1.1570647
863 13 161.95898 89.005005 9.9173975 0.38763615
863 13 162.01318 88.947586 9.977651 -0.59941757
863 13 161.95853 89.00452 9.917874 -1.2678279
863 13 35.709045 155.48982 76.32117 -0.13626942
863 13 35.516693 155.72223 76.39933 -0.8512136
863 13 39.603954 43.750847 149.18446 -0.54434025
863 13 101.79082 119.614204 82.57153 0.3261115
863 13 101.69655 119.900375 83.04922 0.95672053
863 13 101.68707 119.71347 83.15987 0.43093348
863 13 102.003586 119.47828 83.09709 0.03056979
863 13 101.7191 119.651726 82.58102 -2.2265687
863 13 101.879776 119.55469 83.14537 -0.3025765
863 13 153.91881 65.87252 142.16855 -0.8189923
863 13 153.93056 66.29342 141.60025 -0.38875523
863 13 153.88652 66.273544 141.58122 -1.2828248
863 13 97.38185 183.5601 137.9031 0.09332962
863 13 97.53465 183.82881 137.87927 -0.13634616
863 13 97.44737 183.42676 137.95062 -1.2313915
866 13 55.728943 12.147484 47.918224 0.8689972
866 13 55.793427 11.969437 47.83894 -0.7944373
866 13 123.5922 160.90411 40.609035 -2.2403743
866 13 123.63202 161.04964 40.788204 -0.5441314
866 13 55.748627 11.906036 47.834545 -2.034395
866 13 183.09149 57.174583 107.31527 -1.0452063
866 13 183.45897 56.871582 107.422325 -1.5289738
866 13 10.398721 12.514012 172.20174 -0.41294727
866 13 132.59804 61.11252 125.45374 -1.3153814
869 13 84.668045 17.1128 104.46232 -0.034804143
869 13 84.62659 16.989315 104.40154 0.065998934
869 13 93.153885 79.586525 35.31671 -0.04887194
873 13 184.7237 63.85345 104.59054 -0.17072394
873 13 35.54158 155.64003 76.24735 0.71103036
873 13 50.32006 149.54005 58.637714 0.60001814
873 13 179.25438 62.70617 117.563 0.7057541
873 13 179.30896 62.611427 117.60625 0.029101722
873 13 169.21086 43.837475 150.47386 -0.95178217
873 13 169.25603 43.77075 150.56847 0.23712748
873 13 169.31342 43.758114 150.58644 -0.89219046
873 13 133.2139 4.832192 194.19855 -1.8613058
873 13 147.53435 132.41838 74.16298 -0.49952734
873 13 147.41522 132.52373 74.304565 -2.5617607
873 13 166.44508 39.972023 78.69788 0.18015589
873 13 166.16534 39.772957 78.89802 -2.4768243
873 13 23.364397 178.43234 18.611141 0.09343142
873 13 23.229116 178.21512 18.523113 0.55326223
873 13 23.382536 178.24458 18.60699 -0.2950027
873 13 23.26906 178.29175 19.369274 -0.931029
873 13 60.62347 24.522549 65.69338 -0.06291821
879 13 80.93881 175.46011 53.749462 -0.8063467
879 13 165.43887 103.202255 12.012779 0.12467351
879 13 172.70113 53.36705 61.700344 -1.1894822
879 13 198.32645 192.9619 101.82127 -0.84820443
879 13 138.25827 52.607727 33.328537 -1.7093716
879 13 114.82673 26.086317 48.787712 0.56518805
879 13 114.42211 25.834993 48.75112 0.6154885
879 13 114.58239 25.899199 48.202675 -0.39080852
879 13 114.78295 26.02421 48.840706 -0.20853256
879 13 114.89297 25.594446 48.29328 -0.6376813
879 13 114.86576 26.134867 48.79116 -1.9566798
879 13 114.5131 25.869143 48.203842 -1.74223
879 13 114.6041 25.729845 48.200844 -1.4555225
879 13 22.801935 176.77652 18.588049 0.53610456
879 13 22.03184 176.33191 18.848951 -1.1939089
879 13 22.32818 176.39339 18.232191 -1.0637823
879 13 22.811274 176.78772 18.634375 -0.5220648
882 13 65.54358 29.689919 165.7391 1.3126076
882 13 147.42679 176.58986 138.59131 0.18324023
882 13 189.72173 189.73514 65.75716 -0.63315135
882 13 189.59293 189.79977 65.73329 0.074029684
882 13 116.50766 47.724434 76.443344 -0.9228742
882 13 126.36447 36.921616 66.34125 -0.25460437
882 13 126.34949 37.0534 65.68066 -2.3048656
882 13 126.21968 37.24263 65.96486 -0.3408469
882 13 64.70134 131.37015 83.02814 0.8688141
882 13 64.93554 131.48233 83.00471 0.007976219
883 13 189.48492 189.52676 65.82654 0.6247581
883 13 82.39267 35.164604 163.39917 -2.183308
883 13 201.86125 71.155594 85.83603 1.1101668
883 13 56.154808 12.055183 47.809002 -1.4567771
883 13 56.082054 12.107628 48.084637 0.3090455
883 13 172.49493 150.96132 164.83401 -1.3810514
883 13 172.71304 151.36337 165.21106 -1.4368747
884 13 19.014137 171.68077 11.75485 -1.9389608
884 13 113.56586 62.183853 191.01068 -0.7362793
884 13 97.45409 183.57176 138.39844 -0.59234524
884 13 97.534256 183.62677 138.43979 -0.70377505
884 13 133.87358 88.79887 69.7738 0.06890179
884 13 133.74635 89.01049 69.89861 -0.29445875
884 13 150.6623 173.50458 68.147285 0.6086199
884 13 150.9248 173.4403 68.14216 0.8083477
884 13 42.205555 48.466743 146.97475 -0.8652669
884 13 42.416317 48.19378 147.69223 -0.3697021
895 13 120.81191 140.07475 194.83348 0.32052362
895 13 104.55163 194.92838 140.92403 -0.8153187
895 13 65.151276 130.9246 83.00032 0.45658693
895 13 135.01028 81.250534 177.09915 -1.8516008
895 13 85.953964 153.79549 62.4494 0.35245734
895 13 86.41948 153.6421 62.789566 0.26367518
895 13 85.884674 153.79895 62.714325 -0.67255944
895 13 125.95845 36.817406 65.60342 -0.7551942
895 13 126.07451 37.284706 65.77448 -1.4053863
896 13 155.79332 164.88222 168.3017 0.74630725
896 13 73.65033 200.76602 77.985245 0.7267516
896 13 133.29254 4.7601056 194.35498 1.332852
896 13 133.28801 4.718598 194.40521 0.37300378
896 13 45.37083 133.53555 112.63735 1.5254357
896 13 51.289215 95.09584 43.954292 0.67129195
896 13 198.72598 193.02005 101.74603 -0.009179327
896 13 198.59178 193.14264 101.74445 -0.8261237
896 13 162.08789 88.86372 10.006009 0.3853366
896 13 161.79393 89.11589 9.9136095 -2.131399
896 13 123.45018 160.9917 40.55763 -0.72635746
896 13 123.61545 160.9091 40.397907 -1.9534701
896 13 123.45806 160.9887 40.584064 -1.250361
896 13 104.29744 194.89995 140.74011 -1.66549
896 13 63.80096 125.197556 113.0984 -0.7437755
901 13 171.95555 108.23179 11.80657 -0.46148062
901 13 133.71722 88.95516 69.73809 0.53502107
901 13 88.73557 96.19154 37.322865 0.8618089
901 13 88.69691 96.44452 37.36211 0.9425968
901 13 49.35855 107.27546 171.94151 0.12868388
901 13 159.63466 39.075527 174.4333 -0.17374732
901 13 159.6027 39.001705 174.48146 0.3755195
901 13 159.54115 38.975475 174.49104 -0.575161
901 13 64.87085 131.32823 83.17427 0.15258607
901 13 64.92264 130.60231 83.09383 -0.4114775
901 13 64.84288 131.33006 83.21184 0.9201777
901 13 80.54713 153.1303 194.54802 0.61887676
901 13 80.746086 152.35272 194.46265 -1.9481901
902 13 88.55751 96.23183 37.387657 0.053122055
902 13 88.53576 96.28137 37.32442 0.24115917
902 13 12.434173 43.358517 41.040348 -0.4828108
902 13 47.6107 185.91093 5.141507 0.7396514
902 13 47.35828 185.89757 4.8350534 0.021456242
902 13 45.02921 133.7552 112.61894 0.6575764
902 13 44.964024 133.49995 112.70899 -1.0155156
902 13 123.357666 160.7703 40.815544 1.2780721
902 13 123.33807 160.84314 40.84695 -1.9387455
904 13 11.663137 104.46477 195.56213 0.3003814
904 13 198.52075 192.97607 101.61154 1.4115853
904 13 18.02389 9.553238 101.777756 0.005291957
904 13 20.104805 199.44655 57.110558 2.0903003
904 13 77.74726 25.40327 12.532753 0.4307711
904 13 77.79717 25.110653 12.751402 -1.368812
904 13 85.35699 24.58091 150.26862 -0.24528076
904 13 162.25291 88.8511 9.938561 0.19538157
908 13 159.27994 188.33777 158.59079 -0.44843578
908 13 159.13535 188.5429 158.32895 -0.44449756
908 13 62.476444 178.63835 51.09545 -0.6534243
908 13 62.18629 178.59512 50.78531 -0.74125445
908 13 56.457535 12.123662 69.95551 0.83561397
908 13 56.5431 11.627145 69.63498 -0.5923939
908 13 51.599136 95.133316 43.998657 -0.98004746
908 13 51.146423 94.65002 43.94497 -2.3182526
914 13 74.36728 99.084854 156.19548 0.80946136
914 13 60.339645 131.14249 76.87543 0.28790626
914 13 60.57187 131.21436 76.85858 0.13539125
914 13 169.06822 43.947334 150.34227 1.0370005
914 13 169.0537 43.776794 150.35304 0.6864444
914 13 169.44563 43.92355 150.2399 -1.1199365
914 13 63.588085 125.285355 113.464645 -1.4119595
920 13 48.01021 112.041275 174.28154 -1.0025411
920 13 147.79198 176.76637 138.84235 0.9211205
920 13 147.78813 132.58102 73.81995 0.61491483
920 13 147.37445 132.45508 73.71924 -0.913686
920 13 147.5118 132.98067 73.90787 -2.0281794
920 13 42.548187 134.01816 169.70406 1.0284967
920 13 42.515182 134.07314 169.79536 0.82431334
920 13 42.517914 134.02834 169.73752 0.7382735
920 13 42.55333 133.99632 169.80232 -0.21466775
920 13 42.511993 134.11447 169.8391 -0.6836114
922 13 51.223263 95.05197 44.047333 0.8999569
922 13 201.69278 71.11062 85.69905 -0.42415583
922 13 39.379803 165.68207 52.922215 1.1206768
922 13 39.379116 165.67174 52.912052 0.27697188
922 13 86.1178 153.57838 62.565628 1.1812896
922 13 86.0796 153.36649 62.495117 0.33078882
922 13 86.153915 153.45721 62.472336 -0.24700782
922 13 86.097115 153.32639 62.59967 -0.09194902
922 13 86.08705 153.36061 62.53067 -0.120768376
922 13 92.96207 192.724 59.76661 1.0858997
922 13 92.75629 192.66391 59.857246 0.07632204
922 13 92.8569 192.5635 59.8135 -0.50843394
922 13 92.75543 192.66171 59.841286 -0.15192987
922 13 92.86247 192.73747 59.77375 -0.7489604
922 13 92.947525 192.54767 59.868492 -0.9556142
922 13 84.35019 17.28701 143.81062 0.75577307
922 13 84.388985 17.221634 143.81226 -0.32792816
922 13 57.62954 44.98508 3.6246026 -1.1943148
922 13 120.14799 68.8838 193.27046 0.5095143
922 13 119.715164 68.92021 193.41846 -1.902689
922 13 119.66346 68.752235 193.3774 -1.3127475
922 13 35.197132 155.42679 76.38514 0.06767358
922 13 36.028236 155.82928 76.08941 -1.8491435
924 13 167.70343 125.31618 33.571796 1.0243568
924 13 167.72015 125.561295 33.529804 -0.47241226
924 13 167.18582 125.39214 33.84879 -1.4706316
924 13 197.29625 124.709045 141.57083 0.551589
924 13 197.29622 124.53307 141.66953 0.54668784
924 13 197.28873 124.57371 141.66508 0.52738005
924 13 197.26465 124.56122 141.64766 -0.7712369
924 13 197.28122 124.62272 141.69759 -1.2710629
935 13 74.28044 12.017258 106.80755 -0.81417054
935 13 113.45676 62.196205 191.06476 0.47375157
935 13 65.08826 201.00891 74.92499 0.008296533
935 13 183.51057 57.212997 107.41955 1.6017075
935 13 183.33813 56.96586 107.462685 -0.89907676
935 13 119.870575 68.680725 193.06421 0.049364716
935 13 119.73338 69.122406 193.26996 0.21689783
935 13 120.08388 68.93445 193.17822 -0.7600425
935 13 67.52209 118.16613 69.54553 0.39161596
935 13 68.17747 118.35276 69.53357 -1.2176759
935 13 67.44277 118.14464 69.45618 -0.5012293
935 13 67.525215 118.17229 69.519104 0.317824
935 13 68.016396 118.17128 69.55966 -1.967974
939 13 37.86585 1.518182 180.8693 -0.42559752
939 13 177.50674 3.8811712 8.526272 1.5407375
939 13 177.594 3.8666964 8.395824 0.34489378
939 13 177.49402 3.909957 8.575924 -0.14085646
939 13 132.81413 61.527542 125.630905 1.2060517
939 13 132.96776 61.518616 125.33759 0.57224405
939 13 132.51717 61.295265 125.3674 0.5760151
939 13 132.76291 61.73332 125.16378 -0.7225612
939 13 92.58481 192.47542 59.766205 0.33664218
939 13 93.24327 192.4486 59.987114 0.13309102
939 13 92.75483 192.99529 59.814705 -0.71639085
939 13 93.10419 192.5831 60.253677 -0.11945575
939 13 93.121284 192.48927 60.254173 -2.3856354
939 13 184.81085 64.30649 104.68054 -0.9634285
990 13 159.15323 188.43556 158.39589 -0.5473045
990 13 93.05662 79.60077 35.22252 -0.3497467
990 13 196.59537 101.79805 81.10711 -0.8494916
990 13 196.65718 102.201965 81.13787 0.93948096
990 13 86.11919 153.72049 62.499374 -2.27888
990 13 86.07959 153.71779 62.56964 -0.33833212
990 13 86.02478 153.19806 62.597794 -0.64504814
990 13 86.0697 153.23245 62.603622 -0.39416587
990 13 111.3313 151.49884 200.84059 1.1405026
990 13 111.52399 151.05281 200.82207 0.23419365
990 13 196.42386 101.690994 81.038445 -0.22995363
990 13 196.5688 102.357285 81.01714 -2.2996364
990 13 196.33153 101.7682 81.11727 -1.0158211
1000 13 38.728966 83.21587 152.55696 -0.65998834
1000 13 38.369583 83.03977 152.64026 1.1674231
1000 13 183.54288 56.910126 107.24787 0.015266752
1000 13 183.6442 57.071823 107.29567 -1.1464754
1000 13 183.48792 56.860596 107.313324 -1.0271187
1000 13 47.565056 185.63527 4.585511 -1.6268612
1006 13 132.65671 61.38447 125.451416 -1.5400501
1006 13 50.46742 149.29042 58.725746 -1.1521878
1006 13 120.64367 139.89684 194.87303 -0.45308527
1006 13 121.08061 140.18037 194.62784 -0.016887436
1006 13 120.604454 139.85416 194.84273 -0.067625165
1006 13 120.6489 139.85316 194.84914 -0.6122959
1006 13 120.63992 139.80695 194.80827 -1.2191373
1006 13 54.62964 201.45308 137.51224 0.71241266
1006 13 55.21129 201.92247 137.25189 -0.59617376
1006 13 67.69892 118.84897 69.39581 -2.4007356
