93 13 74.25339 12.0164795 106.77538 0.9517899771700671
226 13 113.44025 62.18535 191.00528 1.5239643174545745
304 13 183.32478 57.176636 107.48614 1.6519054349542919
307 13 147.47983 132.65279 74.08421 1.3728388545808314
315 13 133.24564 4.760979 194.39386 1.4236809995065065
356 13 201.63797 71.11093 85.67433 1.630775936863907
357 13 184.6948 63.878796 104.57244 1.1199445190033226
374 13 133.69655 88.88511 69.750786 1.6384325332258098
394 13 14.347547 13.855476 127.080444 1.254841440873991
421 13 84.881516 161.97702 7.58087 1.8299030789199522
423 13 80.94954 175.46286 53.708775 0.796112859676106
430 13 111.64189 151.33936 200.82376 1.7226977400918446
441 13 11.665152 104.431625 195.59721 1.476351387602685
459 13 166.19424 24.432377 39.52232 1.995694253471296
461 13 28.28922 38.860527 134.56815 1.6176043642663616
475 13 84.30704 17.242098 143.9858 2.1378680846551434
493 13 27.715725 68.69017 203.58789 1.4227082365006094
501 13 155.06595 131.92305 15.617114 1.2581521426392654
514 13 169.78116 160.3006 68.29477 1.171572904242246
516 13 57.4508 45.127346 3.6340477 1.8755099615594328
525 13 39.33276 165.62639 52.98 1.8333806659125358
529 13 22.4369 176.51067 18.669477 1.7399995197535547
558 13 198.53893 192.95326 101.664734 1.838270451772654
565 13 73.6191 200.79439 77.96227 1.2973646751238264
566 13 74.38782 99.102036 156.3039 1.388343638979096
580 13 20.126305 199.42374 57.27949 2.1437220471795904
603 13 172.57361 53.265335 61.848454 1.2150733762512855
612 13 97.44522 183.69347 138.33287 1.3399592428095348
625 13 126.24254 36.872566 65.9934 1.6966950509126701
630 13 80.825325 152.77937 194.61317 1.5119757951115242
632 13 105.94533 194.35677 125.30169 1.9143090898489985
637 13 129.14566 174.10118 73.65965 1.5261463007761529
640 13 179.21878 62.62359 117.57663 1.6716530691000768
642 13 171.99939 108.20257 11.811422 1.7920650316814863
652 13 120.771904 140.13304 194.77995 1.732863485595936
657 13 114.71731 25.789381 48.5439 1.3538988934040463
661 13 119.85164 68.93211 193.15176 1.4718754234322393
665 13 196.65848 101.99754 81.11643 1.5768360148716307
674 13 48.084015 112.074875 174.31438 1.0131492538855227
677 13 166.44125 39.82366 78.95327 1.482503652578689
680 13 19.064674 171.60541 11.752432 1.9558965408357687
686 13 101.864586 123.58044 180.79333 0.5664581856107243
697 13 153.90088 66.20397 141.98582 1.4112619763271288
702 13 196.37173 62.63307 140.37952 1.4365058062594787
703 13 17.582186 162.05823 203.04953 1.8169787910954815
709 13 1.8108191 200.81805 31.10255 1.6702182414371534
713 13 140.08533 30.14891 38.190746 0.2316333908762489
718 13 65.151245 201.03285 74.86429 1.8975610342867804
719 13 159.68784 38.733166 174.38748 1.1133449963342337
721 13 147.49472 176.62683 138.78903 1.4976129113305203
726 13 104.60029 195.06961 140.86325 1.041514834526555
727 13 95.294586 144.2974 37.965897 1.67145953898306
728 13 18.032328 9.510368 101.83807 1.080265388433863
729 13 23.263865 178.2145 18.951885 1.4052308963818076
732 13 177.36848 3.933648 8.347767 1.7714472316370766
745 13 82.367744 35.151817 163.59703 1.2823960050745353
748 13 141.56267 58.85347 70.18499 1.271293015184103
751 13 150.83665 173.6503 68.1765 1.5622072876524624
753 13 173.9045 170.05373 128.32109 1.2237148559947562
755 13 41.480804 21.364538 202.7058 1.1333858680222761
757 13 35.59935 155.6222 76.22584 1.3508681084390775
758 13 86.12184 153.45566 62.57823 1.526791688946697
760 13 77.785194 25.384815 12.793068 1.4450608922547405
762 13 9.781244 96.70827 182.81818 2.0613253666994784
763 13 145.235 28.59513 33.999836 1.360611331905215
765 13 6.655629 75.70907 129.69817 0.9478503928260428
766 13 65.629105 29.699974 165.8341 1.8128920706868403
767 13 50.297905 149.47208 58.59679 1.6723380381487045
769 13 47.586185 185.99028 4.915139 1.684358573309395
772 13 85.37169 192.34584 67.57747 1.0447286542440908
773 13 165.76123 161.70872 60.87555 1.3452644340205877
775 13 92.90662 192.67882 59.910988 1.7797636578405989
779 13 102.26345 75.71875 117.322975 1.6361916587890133
781 13 76.98122 42.407494 162.89572 1.5192336921437286
787 13 45.27859 133.51422 112.59367 1.696391734298252
788 13 101.82451 119.69519 82.89367 1.717235063202298
789 13 169.32892 43.845486 150.5049 1.6234970706007747
793 13 84.66615 17.03252 104.441765 1.1431417776334025
795 13 147.97781 131.20403 169.85782 1.0966590578521342
798 13 28.50911 80.57924 169.29335 1.2076657439368166
801 13 161.97707 89.05468 10.058034 1.4532882611281228
805 13 56.57538 11.926271 69.7791 1.2989035616499522
806 13 65.00026 131.0085 83.02658 1.7854375098361093
807 13 60.714115 139.42433 109.52972 1.5836988707816257
811 13 31.489317 89.71591 144.81888 1.3218846474757937
812 13 60.513824 131.116 77.00397 1.416488164689462
813 13 165.4875 103.233925 12.023697 1.5397694797307804
814 13 67.784966 118.39758 69.34314 1.6123948419704306
816 13 42.925278 134.2934 169.78145 1.7846120497787719
817 13 93.059685 79.46318 35.21393 1.2211156841793431
818 13 38.636406 83.23246 152.5881 1.7340066358823012
823 13 17.250841 154.95766 149.84009 1.8341818989911653
824 13 39.586285 43.866188 148.96626 1.7704532016235643
827 13 12.418204 43.201885 40.89302 1.5654393509019362
835 13 196.93135 124.723274 141.70842 1.2541578772221433
841 13 85.23121 24.283005 150.38982 1.2498739787383815
842 13 189.59491 189.53607 65.71292 1.2365967067986445
843 13 183.80014 133.85187 12.91865 1.78905536232368
844 13 51.227615 95.03296 44.02652 1.636906522290794
848 13 150.71684 127.02341 64.31287 1.549547523303419
854 13 88.69137 96.31265 37.32755 1.9329433058825836
855 13 49.387497 107.09193 171.88968 1.0226921092247125
857 13 118.75823 129.62582 186.07674 1.938788590792512
860 13 10.281816 12.7428255 172.4582 1.4131367429386708
863 13 167.40762 125.44449 33.648624 1.827632234464885
866 13 16.726913 125.119064 196.72327 1.7543830940997172
869 13 42.134224 48.280273 147.3563 1.034301640386417
873 13 54.85959 201.81041 137.43423 1.0019213282675592
879 13 132.63861 61.57344 125.412605 1.861781018258423
882 13 30.916372 92.46726 14.156035 1.6245412485793784
883 13 85.041374 138.44614 178.43982 1.619112487469774
884 13 63.978268 125.3322 113.54003 1.7225476815602816
895 13 159.17316 188.46669 158.48798 1.5477922460403777
896 13 116.67551 47.947556 76.576 1.2532890955193405
901 13 172.55952 150.98091 165.19058 -0.3132564104944851
902 13 123.703125 160.92358 40.730633 1.4380676985320064
904 13 185.96422 116.556465 21.075798 1.5616814881527883
908 13 83.144325 2.8968515 81.6709 1.6198888411681833
914 13 138.46265 52.48436 33.58815 0.9689738156639737
920 13 190.55199 161.46858 44.147327 1.0431125043023264
922 13 37.76581 1.5478852 180.69667 1.2154596497783143
924 13 119.94923 64.36384 154.27956 1.1856245385184607
935 13 134.85785 81.47743 176.99738 1.342986225098056
939 13 60.987938 24.543362 65.97172 1.4954192913113593
990 13 155.77426 164.85947 168.32059 1.61636851459632
1000 13 62.241787 178.50621 51.021576 1.4316973852115282
1006 13 55.818237 12.058174 47.91226 1.9179039538429596
