93 13 74.25339 12.0164795 106.77538 1.6383743151871593
185 13 178.99066 97.66873 163.02057 1.6804991173660462
226 13 113.44025 62.18535 191.00528 1.1556239450985326
295 13 138.8112 31.017136 147.23042 1.2417537320977157
304 13 183.32478 57.176636 107.48614 1.3777404539490217
307 13 147.47983 132.65279 74.08421 0.6792791122132827
313 13 2.38066 7.5760717 39.48816 1.7330242909360125
315 13 133.24564 4.760979 194.39386 1.6111575434887926
322 13 30.303476 93.226944 10.911667 0.5069942395849334
352 13 53.710903 185.59894 63.44691 1.6098661893559336
356 13 201.63797 71.11093 85.67433 1.8044358574779888
357 13 184.6948 63.878796 104.57244 1.2035020469238003
374 13 133.69655 88.88511 69.750786 0.6901446925489001
394 13 14.347547 13.855476 127.080444 1.7371876636393817
410 13 124.898796 196.56113 21.729153 1.3443017219513052
411 13 98.78345 156.54512 155.10307 0.8892874933823528
421 13 84.881516 161.97702 7.58087 1.6061508539077967
423 13 80.94954 175.46286 53.708775 1.3031227597383637
424 13 170.20786 110.067764 156.37341 1.2076313118219022
430 13 111.64189 151.33936 200.82376 1.4186722031031573
440 13 81.71211 197.08678 143.50665 1.5092950785315666
441 13 11.665152 104.431625 195.59721 1.0061697734778676
459 13 166.19424 24.432377 39.52232 1.4035908632700853
461 13 28.28922 38.860527 134.56815 0.8002579897993468
463 13 23.134375 171.68228 120.747665 1.6041371156481319
474 13 8.3445215 8.693734 121.70441 1.7831131814106327
475 13 84.30704 17.242098 143.9858 1.7123809042506557
479 13 14.468059 151.26422 111.56699 0.9084260880303245
493 13 27.715725 68.69017 203.58789 1.689957806515221
501 13 155.06595 131.92305 15.617114 1.7797156630951485
511 13 130.16136 64.24549 154.86575 1.6160977039153277
514 13 169.78116 160.3006 68.29477 1.702558227106251
516 13 57.4508 45.127346 3.6340477 1.884975827855261
519 13 168.37221 53.335667 24.000708 1.656563028421464
525 13 39.33276 165.62639 52.98 1.7197482263076418
526 13 161.89922 42.818348 159.01707 1.2263728488113461
529 13 22.4369 176.51067 18.669477 1.1400403507999148
540 13 66.92414 50.116085 154.59915 1.8673828899150322
551 13 147.84856 55.95537 66.1314 0.8220124949999331
558 13 198.53893 192.95326 101.664734 1.9205926946791096
561 13 17.688946 198.55408 56.39457 1.9994411206287124
564 13 131.8204 142.21039 53.503 1.2428150524261095
565 13 73.6191 200.79439 77.96227 1.4259515028771563
566 13 74.38782 99.102036 156.3039 2.0704982606530624
579 13 97.28834 106.48272 76.68736 1.838644994713613
580 13 20.126305 199.42374 57.27949 1.450208468993284
595 13 91.08058 148.4481 13.607937 1.5493841899163054
600 13 126.58782 73.502716 187.30156 1.549110153970631
603 13 172.57361 53.265335 61.848454 1.8245772061107393
608 13 202.98187 147.23102 157.14536 1.619530397138497
612 13 97.44522 183.69347 138.33287 1.990172603648937
625 13 126.24254 36.872566 65.9934 1.7932793388035697
630 13 80.825325 152.77937 194.61317 1.0609308078460953
632 13 105.94533 194.35677 125.30169 1.7604017499950988
637 13 129.14566 174.10118 73.65965 1.5163778078438692
640 13 179.21878 62.62359 117.57663 1.7629504678489587
641 13 123.21906 120.83009 198.42892 1.7870695312587448
642 13 171.99939 108.20257 11.811422 1.2618150342535814
644 13 137.87376 106.36406 23.140474 1.6232908472531453
649 13 92.86412 179.70293 163.42041 1.9946378156439089
652 13 120.771904 140.13304 194.77995 1.8250477317408176
656 13 147.03783 84.81508 63.34525 1.1582574754910697
657 13 114.71731 25.789381 48.5439 0.8375984982603711
661 13 119.85164 68.93211 193.15176 0.9716154287591964
665 13 196.65848 101.99754 81.11643 1.9508670403558628
674 13 48.084015 112.074875 174.31438 1.3233765848595953
677 13 166.44125 39.82366 78.95327 2.02939539107608
679 13 134.74663 82.06575 103.518616 1.9040356311219466
680 13 19.064674 171.60541 11.752432 1.939726394204429
683 13 66.05172 151.05635 87.636604 0.6102247416128131
686 13 101.864586 123.58044 180.79333 1.3610238364499634
691 13 77.43233 186.14955 135.57066 1.3010081599772032
697 13 153.90088 66.20397 141.98582 1.2527893476965992
698 13 89.97238 133.00368 43.691116 1.645322523593417
702 13 196.37173 62.63307 140.37952 1.5136916376341976
703 13 17.582186 162.05823 203.04953 0.8908162967688211
709 13 1.8108191 200.81805 31.10255 0.723489852313042
713 13 140.08533 30.14891 38.190746 1.910825795534553
718 13 65.151245 201.03285 74.86429 1.6577951056502147
719 13 159.68784 38.733166 174.38748 0.7050759812841219
721 13 147.49472 176.62683 138.78903 1.3950453090558257
722 13 66.396164 109.00401 60.239918 1.7473585814532466
726 13 104.60029 195.06961 140.86325 1.6470620564207912
727 13 95.294586 144.2974 37.965897 1.6399628363487193
728 13 18.032328 9.510368 101.83807 0.9664105624243109
729 13 23.263865 178.2145 18.951885 1.7929693478032833
730 13 15.242955 74.6061 141.73705 0.7357453940178412
731 13 50.575863 69.9765 202.45695 1.5825965522202827
732 13 177.36848 3.933648 8.347767 0.7413470096347963
733 13 149.46692 85.28522 30.276064 1.391244412437154
738 13 152.03647 154.69595 17.506939 1.729709996589177
741 13 64.86763 93.08881 3.6918395 1.8405361083128615
743 13 24.878906 39.161205 138.62941 1.3675018552242413
745 13 82.367744 35.151817 163.59703 1.2711758234301236
748 13 141.56267 58.85347 70.18499 1.322823374028738
750 13 88.652405 199.54167 79.68223 1.9484185744271563
751 13 150.83665 173.6503 68.1765 1.7914504438710261
753 13 173.9045 170.05373 128.32109 1.9873517362473827
755 13 41.480804 21.364538 202.7058 1.6113091028385194
756 13 104.85626 71.44684 29.593092 1.6274820807745916
757 13 35.59935 155.6222 76.22584 1.3441090241582285
758 13 86.12184 153.45566 62.57823 1.3890575744621931
759 13 102.58824 52.676003 127.49046 1.5365783632861463
760 13 77.785194 25.384815 12.793068 2.008083062342485
762 13 9.781244 96.70827 182.81818 0.7953394481153977
763 13 145.235 28.59513 33.999836 1.7173653156757431
765 13 6.655629 75.70907 129.69817 1.142138931356836
766 13 65.629105 29.699974 165.8341 1.8152627695608792
767 13 50.297905 149.47208 58.59679 1.8612919867403468
769 13 47.586185 185.99028 4.915139 1.5165931034215763
772 13 85.37169 192.34584 67.57747 1.230353523392176
773 13 165.76123 161.70872 60.87555 0.6061743440684441
775 13 92.90662 192.67882 59.910988 1.8443538723752753
776 13 140.55164 204.22966 3.1348643 1.1081737294743887
777 13 160.44107 32.10552 88.39277 0.4848531044716081
778 13 36.634113 142.61107 173.45445 1.727056879034675
779 13 102.26345 75.71875 117.322975 1.5222220557981925
780 13 81.60794 183.30421 165.79863 1.8550202805146492
781 13 76.98122 42.407494 162.89572 1.363416061039462
782 13 200.08768 78.37519 169.77406 1.7824752103633155
787 13 45.27859 133.51422 112.59367 1.8673831806728356
788 13 101.82451 119.69519 82.89367 2.22023173760886
789 13 169.32892 43.845486 150.5049 1.4955940983090743
791 13 18.538174 65.06519 182.69572 1.2747614245219188
792 13 129.78215 34.252266 36.897 1.124781059852699
793 13 84.66615 17.03252 104.441765 1.6915682201556326
795 13 147.97781 131.20403 169.85782 1.9967747592454865
796 13 65.74481 185.64407 52.515873 1.486568928508591
797 13 142.31985 138.90216 181.37186 1.2358675783715702
798 13 28.50911 80.57924 169.29335 1.1648411706504076
799 13 43.869156 190.98114 2.487327 1.1888130614107273
801 13 161.97707 89.05468 10.058034 1.8823493986833215
803 13 144.55583 62.11733 160.7787 1.9846593599906048
804 13 62.927147 175.25659 47.688545 1.008717729664113
805 13 56.57538 11.926271 69.7791 1.5165827407828572
806 13 65.00026 131.0085 83.02658 1.9387214379613178
807 13 60.714115 139.42433 109.52972 1.7359256336130726
811 13 31.489317 89.71591 144.81888 1.7293595591549786
812 13 60.513824 131.116 77.00397 2.2008650144708817
813 13 165.4875 103.233925 12.023697 1.2282768156172368
814 13 67.784966 118.39758 69.34314 1.8110740013600646
816 13 42.925278 134.2934 169.78145 1.7734945663435047
817 13 93.059685 79.46318 35.21393 1.4420446994673475
818 13 38.636406 83.23246 152.5881 1.3976402563999062
819 13 69.55938 191.13437 104.813515 1.673457566713896
822 13 51.736507 142.61893 82.98747 1.2711152164021111
823 13 17.250841 154.95766 149.84009 1.706512251046282
824 13 39.586285 43.866188 148.96626 1.2157558488661862
825 13 174.59578 21.660473 132.78424 1.5703569345890116
826 13 86.564384 96.607666 25.24999 1.7916511109411548
827 13 12.418204 43.201885 40.89302 1.5702420852293242
835 13 196.93135 124.723274 141.70842 1.8910743187227208
836 13 71.48433 115.75361 4.679543 1.0619137765116196
837 13 115.65579 163.86191 139.18413 1.329733972724908
839 13 33.076965 19.169983 131.7686 1.474838098100714
841 13 85.23121 24.283005 150.38982 -0.3129654759328976
842 13 189.59491 189.53607 65.71292 2.1772664027975783
843 13 183.80014 133.85187 12.91865 1.1596482600806293
844 13 51.227615 95.03296 44.02652 1.3874073113218073
848 13 150.71684 127.02341 64.31287 1.6496560757334495
854 13 88.69137 96.31265 37.32755 1.6813671066424452
855 13 49.387497 107.09193 171.88968 1.7968240155934143
856 13 34.229687 24.458261 144.43123 1.7270058881686434
857 13 118.75823 129.62582 186.07674 1.5735370954999668
860 13 10.281816 12.7428255 172.4582 1.1051489628914726
863 13 167.40762 125.44449 33.648624 1.0185417791594624
864 13 26.65893 180.92123 41.795135 2.0753547433662636
866 13 16.726913 125.119064 196.72327 1.307062661643833
868 13 81.31586 106.1692 101.6111 1.7515338506693836
869 13 42.134224 48.280273 147.3563 1.5418838099161898
870 13 29.143572 13.219865 140.0734 1.2104785045879396
873 13 54.85959 201.81041 137.43423 1.2000504605202345
875 13 105.282265 87.433556 76.85385 1.7544802211900097
876 13 179.34659 61.07433 113.99895 0.3117198936277355
879 13 132.63861 61.57344 125.412605 1.1591402292322934
882 13 30.916372 92.46726 14.156035 1.3584723601651514
883 13 85.041374 138.44614 178.43982 1.4872790718963187
884 13 63.978268 125.3322 113.54003 1.7297767693204318
885 13 155.69923 27.985771 94.53272 1.0202880638809249
886 13 121.19165 35.766567 145.94266 0.5898692060417234
889 13 179.95918 157.74205 49.527184 1.6555045810768374
890 13 44.064335 129.76721 188.49443 1.5747401542276478
891 13 13.621226 197.87967 175.75124 1.8248852441072545
895 13 159.17316 188.46669 158.48798 0.9052984113634422
896 13 116.67551 47.947556 76.576 1.8446198000399339
897 13 50.471348 141.90178 7.0619874 2.464870624796101
898 13 126.09682 83.83538 7.910165 1.645558877926222
899 13 183.24266 116.81698 11.545614 1.2493916585777807
900 13 93.491585 17.464073 125.71848 1.5559340358914144
901 13 172.55952 150.98091 165.19058 1.4537083351099058
902 13 123.703125 160.92358 40.730633 1.7619671061518183
904 13 185.96422 116.556465 21.075798 0.6791266748052787
905 13 12.083588 178.13673 50.28524 1.492100407721368
906 13 1.1576144 78.26373 82.18802 1.361961228711979
908 13 83.144325 2.8968515 81.6709 1.8618933672791051
911 13 145.78485 188.52547 36.44587 1.4392983660323344
914 13 138.46265 52.48436 33.58815 1.8838497774968832
916 13 16.418116 193.70511 133.20332 1.2691354545041293
920 13 190.55199 161.46858 44.147327 1.0790667826274167
922 13 37.76581 1.5478852 180.69667 1.7849730750462804
924 13 119.94923 64.36384 154.27956 1.910987637753906
925 13 156.29459 100.64407 170.19514 1.6455170248180744
931 13 58.501125 45.596973 1.9560469 1.1040246558755344
932 13 139.82037 41.733192 116.11964 1.6385498580265088
933 13 183.74904 54.83812 95.40496 1.0463164781632956
935 13 134.85785 81.47743 176.99738 1.8256956662824282
937 13 108.5744 183.87222 26.569992 1.1888261673466742
938 13 50.835133 48.532063 132.39146 1.320333814044005
939 13 60.987938 24.543362 65.97172 1.8800120952416122
940 13 164.81898 128.77504 163.05602 1.5269033533740397
942 13 111.06112 195.00058 111.34105 0.978406321199771
943 13 30.559061 27.309198 144.39825 0.9066151144214264
945 13 199.59366 196.92354 103.106926 1.87959731564599
947 13 196.83282 79.52695 80.87734 0.8815299586682943
949 13 174.84093 169.60466 100.9429 1.1651269317170212
950 13 3.4122128 2.8479521 144.26566 1.49059522272987
953 13 101.50401 27.164404 13.731835 1.5832185960175398
954 13 37.266727 190.30206 23.873562 1.3771259979465753
955 13 90.88719 77.15649 33.398968 1.9161439906037683
960 13 75.241684 68.52077 51.11595 1.244060060471133
961 13 97.395096 27.458824 148.74834 1.1995797837058497
962 13 32.73036 75.42593 145.22179 1.4961665977507645
965 13 109.55966 150.38 140.83015 1.582354219575926
968 13 136.50395 185.92215 122.75572 1.4797990981620677
974 13 203.8119 42.155945 47.091778 1.4078382137547234
986 13 84.10394 108.66119 90.299515 1.242492714456722
987 13 172.4659 55.60719 92.639465 1.1447549000933468
989 13 91.54678 79.06361 34.88607 1.0612857886088283
990 13 155.77426 164.85947 168.32059 1.55707752787254
991 13 21.211 182.13983 53.15993 1.3660024671993964
1000 13 62.241787 178.50621 51.021576 1.7791807282627405
1003 13 59.829628 18.94296 41.600777 1.469764927084774
1005 13 35.429478 85.7605 155.4155 1.4051502916747758
1006 13 55.818237 12.058174 47.91226 1.791190639934098
1008 13 176.94757 168.26485 109.60009 1.8369047792871829
1009 13 19.279736 14.169214 116.81072 1.6125774401763482
1012 13 113.423225 152.89523 142.95506 1.7410891800082129
1013 13 78.00058 72.642296 57.8017 1.562944027288279
1016 13 8.611847 113.299164 128.15347 1.5190438702463835
1018 13 64.26349 189.68492 40.957325 1.1137785437837535
1025 13 43.189007 83.51985 82.06683 1.828652178002621
1029 13 106.10586 182.36163 90.240265 2.125092204105324
1031 13 105.500824 23.76417 92.462326 1.1765649226946948
1039 13 147.69559 132.7018 156.91748 1.5053418836051262
1040 13 106.22073 1.2070214 118.072044 1.816763191040934
1041 13 145.15791 94.33884 162.61058 1.719949500215123
1045 13 168.47292 52.58742 59.620407 1.3847923091439678
1046 13 173.16544 29.211773 156.28647 1.4857165592155037
1047 13 182.51016 115.728745 167.89937 1.155388862580787
1048 13 76.46466 156.11742 81.36678 1.0635772355234998
1049 13 184.78397 32.31083 0.22586401 1.340613314097933
1051 13 99.96608 157.09946 153.71529 1.9129518112634227
1052 13 20.487452 119.343575 26.198263 1.6376215060620267
1055 13 148.02171 31.363724 163.98637 1.4026835485495057
1066 13 189.11316 192.5664 84.2372 1.6570154843221687
1084 13 27.318842 167.83629 60.259098 1.2800316662389923
1095 13 144.8753 61.20062 132.34164 1.276074563174447
1097 13 24.81714 43.06758 178.71054 1.3473818772300319
1100 13 55.25902 86.25758 152.75418 1.3231160977044525
1105 13 23.246231 50.990253 188.98436 2.0143159492089757
1110 13 14.831301 176.48941 14.350505 1.0139625633961626
1113 13 49.502674 53.000668 139.5047 1.1916666094274033
1115 13 100.36371 60.76017 39.35183 1.702840396339567
1124 13 62.939636 139.3279 119.55695 1.4417789555852845
1125 13 10.007931 203.31561 5.424291 1.4111383173923284
1168 13 163.91434 33.76324 163.7134 1.8217072997012587
1173 13 140.19922 51.23022 67.09698 1.772418693086485
1257 13 80.45563 56.93653 110.34073 1.1540728739721395
