93 13 74.25339 12.0164795 106.77538 1.4748726612669996
185 13 178.99066 97.66873 163.02057 1.5282671273464308
226 13 113.44025 62.18535 191.00528 1.5780969045093938
295 13 138.8112 31.017136 147.23042 0.9977502100707107
304 13 183.32478 57.176636 107.48614 1.2077206984339905
307 13 147.47983 132.65279 74.08421 1.219179231366577
313 13 2.38066 7.5760717 39.48816 1.4108568607478869
315 13 133.24564 4.760979 194.39386 1.7384750331117165
322 13 30.303476 93.226944 10.911667 1.2475543004137033
352 13 53.710903 185.59894 63.44691 1.3445673666071185
356 13 201.63797 71.11093 85.67433 1.7749805103207963
357 13 184.6948 63.878796 104.57244 1.4302998189400937
374 13 133.69655 88.88511 69.750786 1.1670130575825572
394 13 14.347547 13.855476 127.080444 1.9151287166634898
410 13 124.898796 196.56113 21.729153 1.2061845707430108
411 13 98.78345 156.54512 155.10307 0.9101026614074621
421 13 84.881516 161.97702 7.58087 1.1217643321337336
423 13 80.94954 175.46286 53.708775 1.8165163418946682
424 13 170.20786 110.067764 156.37341 1.4102246427240426
430 13 111.64189 151.33936 200.82376 1.1617681398817412
440 13 81.71211 197.08678 143.50665 1.6548906588913148
441 13 11.665152 104.431625 195.59721 1.4467796762515013
459 13 166.19424 24.432377 39.52232 1.0339012678855293
461 13 28.28922 38.860527 134.56815 1.039545218657215
463 13 23.134375 171.68228 120.747665 1.6914828885665028
474 13 8.3445215 8.693734 121.70441 1.1105196639616068
475 13 84.30704 17.242098 143.9858 1.2814009978833318
479 13 14.468059 151.26422 111.56699 1.6087292440686174
493 13 27.715725 68.69017 203.58789 1.284193771175698
501 13 155.06595 131.92305 15.617114 1.5539585246225862
511 13 130.16136 64.24549 154.86575 1.2159584241079437
514 13 169.78116 160.3006 68.29477 1.3079613330217617
516 13 57.4508 45.127346 3.6340477 1.4660653435068611
519 13 168.37221 53.335667 24.000708 1.754414000435332
525 13 39.33276 165.62639 52.98 1.9983059680465707
526 13 161.89922 42.818348 159.01707 1.6808485483192352
529 13 22.4369 176.51067 18.669477 1.3411031650709404
540 13 66.92414 50.116085 154.59915 1.6128796910244836
551 13 147.84856 55.95537 66.1314 1.3576297616805109
558 13 198.53893 192.95326 101.664734 1.7589047244172327
561 13 17.688946 198.55408 56.39457 0.8318665956511407
564 13 131.8204 142.21039 53.503 1.1166584919582214
565 13 73.6191 200.79439 77.96227 1.7348845382593936
566 13 74.38782 99.102036 156.3039 0.9587296345308081
579 13 97.28834 106.48272 76.68736 0.3576414741719512
580 13 20.126305 199.42374 57.27949 1.4887368999204003
595 13 91.08058 148.4481 13.607937 2.0992515470776016
600 13 126.58782 73.502716 187.30156 1.4636834279031703
603 13 172.57361 53.265335 61.848454 1.8235002575962656
608 13 202.98187 147.23102 157.14536 1.4772950397457323
612 13 97.44522 183.69347 138.33287 1.2215078154079306
625 13 126.24254 36.872566 65.9934 1.823073272891063
630 13 80.825325 152.77937 194.61317 2.128136655569645
632 13 105.94533 194.35677 125.30169 1.5545678614200253
637 13 129.14566 174.10118 73.65965 1.9759970208824074
640 13 179.21878 62.62359 117.57663 1.3245036802975378
641 13 123.21906 120.83009 198.42892 1.3110778907172558
642 13 171.99939 108.20257 11.811422 1.729324317634907
644 13 137.87376 106.36406 23.140474 1.4846648128328301
649 13 92.86412 179.70293 163.42041 1.4803015454971906
652 13 120.771904 140.13304 194.77995 1.2612872172318694
656 13 147.03783 84.81508 63.34525 1.443166792053996
657 13 114.71731 25.789381 48.5439 1.5350222492396726
661 13 119.85164 68.93211 193.15176 1.2273753841124335
665 13 196.65848 101.99754 81.11643 1.2572667835471592
674 13 48.084015 112.074875 174.31438 1.505425006807999
677 13 166.44125 39.82366 78.95327 1.6288398271933133
679 13 134.74663 82.06575 103.518616 1.4278395871580423
680 13 19.064674 171.60541 11.752432 1.8211520471030942
683 13 66.05172 151.05635 87.636604 1.5770661911132646
686 13 101.864586 123.58044 180.79333 0.6229356938130894
691 13 77.43233 186.14955 135.57066 1.860023704476101
697 13 153.90088 66.20397 141.98582 1.7497348298020436
698 13 89.97238 133.00368 43.691116 0.6378307591801782
702 13 196.37173 62.63307 140.37952 0.8015814082606662
703 13 17.582186 162.05823 203.04953 1.2663089873535567
709 13 1.8108191 200.81805 31.10255 1.7056785515775972
713 13 140.08533 30.14891 38.190746 1.6603058224114817
718 13 65.151245 201.03285 74.86429 1.5223305520423738
719 13 159.68784 38.733166 174.38748 1.5838245476467279
721 13 147.49472 176.62683 138.78903 1.4543055824192375
722 13 66.396164 109.00401 60.239918 1.5660287289851138
726 13 104.60029 195.06961 140.86325 1.68597853544812
727 13 95.294586 144.2974 37.965897 1.7606322844477
728 13 18.032328 9.510368 101.83807 1.6732845762503719
729 13 23.263865 178.2145 18.951885 1.9698868010060633
730 13 15.242955 74.6061 141.73705 1.7114551291315734
731 13 50.575863 69.9765 202.45695 1.9459889880734256
732 13 177.36848 3.933648 8.347767 1.1822206219425464
733 13 149.46692 85.28522 30.276064 0.9958163224794988
738 13 152.03647 154.69595 17.506939 1.4698669582063286
741 13 64.86763 93.08881 3.6918395 1.060087675821709
743 13 24.878906 39.161205 138.62941 1.1635976703663036
745 13 82.367744 35.151817 163.59703 1.3589243082390638
748 13 141.56267 58.85347 70.18499 1.324351776497967
750 13 88.652405 199.54167 79.68223 1.4933512954683295
751 13 150.83665 173.6503 68.1765 1.1867198869074003
753 13 173.9045 170.05373 128.32109 1.743990424936244
755 13 41.480804 21.364538 202.7058 1.8638149879682735
756 13 104.85626 71.44684 29.593092 1.458287214884231
757 13 35.59935 155.6222 76.22584 1.5472608725870678
758 13 86.12184 153.45566 62.57823 1.2877055546275467
759 13 102.58824 52.676003 127.49046 1.1377749821379186
760 13 77.785194 25.384815 12.793068 1.8644650137156942
762 13 9.781244 96.70827 182.81818 1.7109441181907488
763 13 145.235 28.59513 33.999836 1.304601028559266
765 13 6.655629 75.70907 129.69817 1.7985390211402021
766 13 65.629105 29.699974 165.8341 1.7759938633087105
767 13 50.297905 149.47208 58.59679 1.3508361465077916
769 13 47.586185 185.99028 4.915139 1.5245426381238538
772 13 85.37169 192.34584 67.57747 1.5550093502199687
773 13 165.76123 161.70872 60.87555 1.9479754551371369
775 13 92.90662 192.67882 59.910988 1.4220161998589975
776 13 140.55164 204.22966 3.1348643 1.4454851788698524
777 13 160.44107 32.10552 88.39277 1.4340781129542386
778 13 36.634113 142.61107 173.45445 1.6767603178359582
779 13 102.26345 75.71875 117.322975 1.4047396646277412
780 13 81.60794 183.30421 165.79863 0.7269462537062321
781 13 76.98122 42.407494 162.89572 1.6209109538545932
782 13 200.08768 78.37519 169.77406 1.8565654853285218
787 13 45.27859 133.51422 112.59367 1.603647198335833
788 13 101.82451 119.69519 82.89367 1.6241562687878695
789 13 169.32892 43.845486 150.5049 1.530861413724341
791 13 18.538174 65.06519 182.69572 0.9297577120031604
792 13 129.78215 34.252266 36.897 1.6501988298179633
793 13 84.66615 17.03252 104.441765 0.9488583697385526
795 13 147.97781 131.20403 169.85782 1.9346738807581987
796 13 65.74481 185.64407 52.515873 1.8755288465514304
797 13 142.31985 138.90216 181.37186 0.8062261492526341
798 13 28.50911 80.57924 169.29335 1.6290001287871727
799 13 43.869156 190.98114 2.487327 2.145877763587715
801 13 161.97707 89.05468 10.058034 2.1367939044031385
803 13 144.55583 62.11733 160.7787 1.994530253686786
804 13 62.927147 175.25659 47.688545 1.6499542199261457
805 13 56.57538 11.926271 69.7791 1.4992622175728887
806 13 65.00026 131.0085 83.02658 1.738301670339189
807 13 60.714115 139.42433 109.52972 1.6338365053988948
811 13 31.489317 89.71591 144.81888 1.3715544099585006
812 13 60.513824 131.116 77.00397 1.4828457739146335
813 13 165.4875 103.233925 12.023697 1.445310157192548
814 13 67.784966 118.39758 69.34314 1.5632389157180864
816 13 42.925278 134.2934 169.78145 1.780471395779334
817 13 93.059685 79.46318 35.21393 1.7806402644842747
818 13 38.636406 83.23246 152.5881 1.6097000311180232
819 13 69.55938 191.13437 104.813515 1.5491812722067202
822 13 51.736507 142.61893 82.98747 1.6468463200150485
823 13 17.250841 154.95766 149.84009 1.7448312470473037
824 13 39.586285 43.866188 148.96626 1.5630654228691951
825 13 174.59578 21.660473 132.78424 1.5927656851192842
826 13 86.564384 96.607666 25.24999 1.2134388210121472
827 13 12.418204 43.201885 40.89302 1.789492857511907
835 13 196.93135 124.723274 141.70842 1.3788281125270578
836 13 71.48433 115.75361 4.679543 1.5124833784026184
837 13 115.65579 163.86191 139.18413 1.9432504495914624
839 13 33.076965 19.169983 131.7686 1.7337685417903974
841 13 85.23121 24.283005 150.38982 1.9832147438492618
842 13 189.59491 189.53607 65.71292 1.1870004396969667
843 13 183.80014 133.85187 12.91865 2.1187347530946363
844 13 51.227615 95.03296 44.02652 1.5649196562148002
848 13 150.71684 127.02341 64.31287 1.282797542647192
854 13 88.69137 96.31265 37.32755 1.593364276154361
855 13 49.387497 107.09193 171.88968 1.6253778880291205
856 13 34.229687 24.458261 144.43123 1.5479002072128247
857 13 118.75823 129.62582 186.07674 1.363851433622299
860 13 10.281816 12.7428255 172.4582 1.7276768272471492
863 13 167.40762 125.44449 33.648624 1.073933317224489
864 13 26.65893 180.92123 41.795135 1.586178452736386
866 13 16.726913 125.119064 196.72327 1.4404491247467646
868 13 81.31586 106.1692 101.6111 1.7373960873923642
869 13 42.134224 48.280273 147.3563 1.210899379715883
870 13 29.143572 13.219865 140.0734 2.23654604999617
873 13 54.85959 201.81041 137.43423 1.393749254703297
875 13 105.282265 87.433556 76.85385 1.034284538775156
876 13 179.34659 61.07433 113.99895 1.712383415769805
879 13 132.63861 61.57344 125.412605 1.6307485357780978
882 13 30.916372 92.46726 14.156035 1.853464615907717
883 13 85.041374 138.44614 178.43982 1.7601243122651475
884 13 63.978268 125.3322 113.54003 1.6222690678621532
885 13 155.69923 27.985771 94.53272 1.9759392142912016
886 13 121.19165 35.766567 145.94266 1.6850340115778244
889 13 179.95918 157.74205 49.527184 1.7891069741288268
890 13 44.064335 129.76721 188.49443 1.7363451856005219
891 13 13.621226 197.87967 175.75124 1.6764889842181676
895 13 159.17316 188.46669 158.48798 1.147328519434607
896 13 116.67551 47.947556 76.576 1.3592177068562048
897 13 50.471348 141.90178 7.0619874 1.5241899868777633
898 13 126.09682 83.83538 7.910165 1.9248516179691237
899 13 183.24266 116.81698 11.545614 1.676926446542481
900 13 93.491585 17.464073 125.71848 1.3456336312819421
901 13 172.55952 150.98091 165.19058 1.215754195363241
902 13 123.703125 160.92358 40.730633 1.6081688815769288
904 13 185.96422 116.556465 21.075798 1.5367156940125695
905 13 12.083588 178.13673 50.28524 1.3165642401386721
906 13 1.1576144 78.26373 82.18802 1.2896281338756739
908 13 83.144325 2.8968515 81.6709 1.1307115970567103
911 13 145.78485 188.52547 36.44587 1.3818787559216232
914 13 138.46265 52.48436 33.58815 1.35110850916899
916 13 16.418116 193.70511 133.20332 1.4497324385473296
920 13 190.55199 161.46858 44.147327 0.5727948345048177
922 13 37.76581 1.5478852 180.69667 1.1708489817000727
924 13 119.94923 64.36384 154.27956 1.1895713737095623
925 13 156.29459 100.64407 170.19514 2.055061678999791
931 13 58.501125 45.596973 1.9560469 1.6338894201093814
932 13 139.82037 41.733192 116.11964 0.8179022342619796
933 13 183.74904 54.83812 95.40496 1.6692174748427704
935 13 134.85785 81.47743 176.99738 1.6833412142163484
937 13 108.5744 183.87222 26.569992 1.5001389338012197
938 13 50.835133 48.532063 132.39146 1.6192577894177664
939 13 60.987938 24.543362 65.97172 1.6082665952518695
940 13 164.81898 128.77504 163.05602 1.3778016655287646
942 13 111.06112 195.00058 111.34105 1.1254999861360488
943 13 30.559061 27.309198 144.39825 1.1800724318587246
945 13 199.59366 196.92354 103.106926 1.88761275242895
947 13 196.83282 79.52695 80.87734 1.4559421462534576
949 13 174.84093 169.60466 100.9429 1.8494807987989652
950 13 3.4122128 2.8479521 144.26566 1.9962021336952442
953 13 101.50401 27.164404 13.731835 1.6016961287933031
954 13 37.266727 190.30206 23.873562 1.826371205440426
955 13 90.88719 77.15649 33.398968 1.7416530043914236
960 13 75.241684 68.52077 51.11595 1.9026083809445125
961 13 97.395096 27.458824 148.74834 1.3840936442979919
962 13 32.73036 75.42593 145.22179 1.3372719056839535
965 13 109.55966 150.38 140.83015 0.9601383942717268
968 13 136.50395 185.92215 122.75572 1.7539920230479829
974 13 203.8119 42.155945 47.091778 0.7785825072874901
986 13 84.10394 108.66119 90.299515 1.4894284021622295
987 13 172.4659 55.60719 92.639465 2.001903398710183
989 13 91.54678 79.06361 34.88607 1.1483428660455142
990 13 155.77426 164.85947 168.32059 0.9565082511378561
991 13 21.211 182.13983 53.15993 1.654773059757219
1000 13 62.241787 178.50621 51.021576 1.2269564417184973
1003 13 59.829628 18.94296 41.600777 1.6584325967750486
1005 13 35.429478 85.7605 155.4155 1.3864012750919248
1006 13 55.818237 12.058174 47.91226 0.997117100386638
1008 13 176.94757 168.26485 109.60009 1.0893569381976236
1009 13 19.279736 14.169214 116.81072 1.6233912890055284
1012 13 113.423225 152.89523 142.95506 1.311307701111125
1013 13 78.00058 72.642296 57.8017 1.1166588401682689
1016 13 8.611847 113.299164 128.15347 1.7717865952449992
1018 13 64.26349 189.68492 40.957325 1.500534305435685
1025 13 43.189007 83.51985 82.06683 1.4481789507806142
1029 13 106.10586 182.36163 90.240265 1.6072598864959886
1031 13 105.500824 23.76417 92.462326 1.458927683745864
1039 13 147.69559 132.7018 156.91748 1.5995289784886177
1040 13 106.22073 1.2070214 118.072044 1.8807891777629546
1041 13 145.15791 94.33884 162.61058 1.7520373842243342
1045 13 168.47292 52.58742 59.620407 1.7729670497677426
1046 13 173.16544 29.211773 156.28647 1.5054489271301468
1047 13 182.51016 115.728745 167.89937 2.3362066965551365
1048 13 76.46466 156.11742 81.36678 1.804870184061546
1049 13 184.78397 32.31083 0.22586401 1.1005232286386535
1051 13 99.96608 157.09946 153.71529 1.7934529466897762
1052 13 20.487452 119.343575 26.198263 1.2128624965987624
1055 13 148.02171 31.363724 163.98637 1.4744524992464059
1066 13 189.11316 192.5664 84.2372 2.291388366804884
1084 13 27.318842 167.83629 60.259098 2.065032272649021
1095 13 144.8753 61.20062 132.34164 1.6428317523371585
1097 13 24.81714 43.06758 178.71054 1.7060895985479165
1100 13 55.25902 86.25758 152.75418 1.5215670839488997
1105 13 23.246231 50.990253 188.98436 0.9675174611673177
1110 13 14.831301 176.48941 14.350505 1.6202582281634776
1113 13 49.502674 53.000668 139.5047 1.7022065648714302
1115 13 100.36371 60.76017 39.35183 1.5479759624474811
1124 13 62.939636 139.3279 119.55695 1.751741810297607
1125 13 10.007931 203.31561 5.424291 1.0596055115462075
1168 13 163.91434 33.76324 163.7134 1.3534359961439277
1173 13 140.19922 51.23022 67.09698 1.2338858330874674
1257 13 80.45563 56.93653 110.34073 1.710338414791253
