93 13 74.25339 12.0164795 106.77538 1.6602238384577557
185 13 178.99066 97.66873 163.02057 1.1182291340393455
226 13 113.44025 62.18535 191.00528 2.0699780507282823
295 13 138.8112 31.017136 147.23042 1.7565478318175267
304 13 183.32478 57.176636 107.48614 1.0040989032258996
307 13 147.47983 132.65279 74.08421 1.119123922961564
313 13 2.38066 7.5760717 39.48816 1.8370034788002394
315 13 133.24564 4.760979 194.39386 1.7387334187882544
322 13 30.303476 93.226944 10.911667 1.7514902488912152
352 13 53.710903 185.59894 63.44691 1.5228670053173068
356 13 201.63797 71.11093 85.67433 1.766390146863088
357 13 184.6948 63.878796 104.57244 1.9550141846770646
374 13 133.69655 88.88511 69.750786 1.8164812128862549
394 13 14.347547 13.855476 127.080444 1.6651627546572796
410 13 124.898796 196.56113 21.729153 1.8233459019574394
411 13 98.78345 156.54512 155.10307 1.7210382408495342
421 13 84.881516 161.97702 7.58087 1.8908709413994935
423 13 80.94954 175.46286 53.708775 1.231021583144617
424 13 170.20786 110.067764 156.37341 1.763743075046197
430 13 111.64189 151.33936 200.82376 1.6625521195754487
440 13 81.71211 197.08678 143.50665 1.3310010613188659
441 13 11.665152 104.431625 195.59721 2.064524604111927
459 13 166.19424 24.432377 39.52232 1.7966234663821474
461 13 28.28922 38.860527 134.56815 1.6613632832853713
463 13 23.134375 171.68228 120.747665 1.2429962648282338
474 13 8.3445215 8.693734 121.70441 1.6494255331469725
475 13 84.30704 17.242098 143.9858 1.6178777741904669
479 13 14.468059 151.26422 111.56699 1.380867653210828
493 13 27.715725 68.69017 203.58789 1.9464261587967444
501 13 155.06595 131.92305 15.617114 2.2105809475396447
511 13 130.16136 64.24549 154.86575 1.995943085966
514 13 169.78116 160.3006 68.29477 1.7208205644014398
516 13 57.4508 45.127346 3.6340477 0.8719032490174334
519 13 168.37221 53.335667 24.000708 1.560451385397119
525 13 39.33276 165.62639 52.98 1.8233612498302407
526 13 161.89922 42.818348 159.01707 1.5398787795104378
529 13 22.4369 176.51067 18.669477 2.16634124843958
540 13 66.92414 50.116085 154.59915 1.8554746420173263
551 13 147.84856 55.95537 66.1314 1.0599859823224163
558 13 198.53893 192.95326 101.664734 1.107893684809007
561 13 17.688946 198.55408 56.39457 1.2420169387334095
564 13 131.8204 142.21039 53.503 1.9052857580505476
565 13 73.6191 200.79439 77.96227 1.8030935152457324
566 13 74.38782 99.102036 156.3039 1.214890937595522
579 13 97.28834 106.48272 76.68736 1.6737075081040316
580 13 20.126305 199.42374 57.27949 1.5317166918837404
595 13 91.08058 148.4481 13.607937 1.5212500236127084
600 13 126.58782 73.502716 187.30156 1.2323140913068742
603 13 172.57361 53.265335 61.848454 1.0913932130349462
608 13 202.98187 147.23102 157.14536 1.7036351647255041
612 13 97.44522 183.69347 138.33287 1.2529201460668844
625 13 126.24254 36.872566 65.9934 1.608130772376039
630 13 80.825325 152.77937 194.61317 1.6930413883444724
632 13 105.94533 194.35677 125.30169 1.4052214362051068
637 13 129.14566 174.10118 73.65965 1.5101066817805322
640 13 179.21878 62.62359 117.57663 1.5372157213958866
641 13 123.21906 120.83009 198.42892 1.6985543086103454
642 13 171.99939 108.20257 11.811422 0.9762880369024401
644 13 137.87376 106.36406 23.140474 1.4609713318408986
649 13 92.86412 179.70293 163.42041 1.6388480488984825
652 13 120.771904 140.13304 194.77995 1.6613991041951048
656 13 147.03783 84.81508 63.34525 1.667311006394688
657 13 114.71731 25.789381 48.5439 1.2791475883387118
661 13 119.85164 68.93211 193.15176 1.9067384681722193
665 13 196.65848 101.99754 81.11643 1.5515217119149185
674 13 48.084015 112.074875 174.31438 1.6556313197871926
677 13 166.44125 39.82366 78.95327 1.382616403056476
679 13 134.74663 82.06575 103.518616 1.6305858594656915
680 13 19.064674 171.60541 11.752432 2.077238745695474
683 13 66.05172 151.05635 87.636604 1.7721125496885968
686 13 101.864586 123.58044 180.79333 0.9320861614759036
691 13 77.43233 186.14955 135.57066 0.6785251736737684
697 13 153.90088 66.20397 141.98582 1.443720800379719
698 13 89.97238 133.00368 43.691116 1.6653702055601594
702 13 196.37173 62.63307 140.37952 1.5950883642128715
703 13 17.582186 162.05823 203.04953 0.780674679036931
709 13 1.8108191 200.81805 31.10255 1.565193340490257
713 13 140.08533 30.14891 38.190746 2.0512778381339403
718 13 65.151245 201.03285 74.86429 1.3615104567856922
719 13 159.68784 38.733166 174.38748 1.2301589809512863
721 13 147.49472 176.62683 138.78903 1.5528987590437737
722 13 66.396164 109.00401 60.239918 1.457099659043652
726 13 104.60029 195.06961 140.86325 1.3059949815530174
727 13 95.294586 144.2974 37.965897 1.5298453368444176
728 13 18.032328 9.510368 101.83807 1.6776467511985744
729 13 23.263865 178.2145 18.951885 1.719372873363357
730 13 15.242955 74.6061 141.73705 1.065337812040993
731 13 50.575863 69.9765 202.45695 1.817887933770992
732 13 177.36848 3.933648 8.347767 1.397502185794088
733 13 149.46692 85.28522 30.276064 0.8117792734336455
738 13 152.03647 154.69595 17.506939 1.4490211546628173
741 13 64.86763 93.08881 3.6918395 1.7657546227969023
743 13 24.878906 39.161205 138.62941 1.321212856518298
745 13 82.367744 35.151817 163.59703 1.5594878671587291
748 13 141.56267 58.85347 70.18499 1.9039661065075804
750 13 88.652405 199.54167 79.68223 1.794006006485922
751 13 150.83665 173.6503 68.1765 1.0435941492926508
753 13 173.9045 170.05373 128.32109 1.4702711679979243
755 13 41.480804 21.364538 202.7058 1.221789630583425
756 13 104.85626 71.44684 29.593092 1.815294759612396
757 13 35.59935 155.6222 76.22584 1.721214065984429
758 13 86.12184 153.45566 62.57823 1.2820677641054652
759 13 102.58824 52.676003 127.49046 0.6721999030285422
760 13 77.785194 25.384815 12.793068 1.3959021905601818
762 13 9.781244 96.70827 182.81818 1.845261186444792
763 13 145.235 28.59513 33.999836 1.7304273884763477
765 13 6.655629 75.70907 129.69817 1.6487006170004281
766 13 65.629105 29.699974 165.8341 1.0437957326065217
767 13 50.297905 149.47208 58.59679 1.7365088033210383
769 13 47.586185 185.99028 4.915139 2.3642303046324047
772 13 85.37169 192.34584 67.57747 0.8719972636055178
773 13 165.76123 161.70872 60.87555 1.4423108549127985
775 13 92.90662 192.67882 59.910988 1.2219648853974747
776 13 140.55164 204.22966 3.1348643 1.460424311159615
777 13 160.44107 32.10552 88.39277 2.288371788439833
778 13 36.634113 142.61107 173.45445 0.9260433866945091
779 13 102.26345 75.71875 117.322975 1.7666783550042697
780 13 81.60794 183.30421 165.79863 1.194607221338631
781 13 76.98122 42.407494 162.89572 1.355425380983394
782 13 200.08768 78.37519 169.77406 1.4057280086687514
787 13 45.27859 133.51422 112.59367 1.4024232419813367
788 13 101.82451 119.69519 82.89367 1.8114527014488777
789 13 169.32892 43.845486 150.5049 0.2523631604522241
791 13 18.538174 65.06519 182.69572 1.251877097310562
792 13 129.78215 34.252266 36.897 1.5644548446189401
793 13 84.66615 17.03252 104.441765 1.332558569492727
795 13 147.97781 131.20403 169.85782 1.7920544881936806
796 13 65.74481 185.64407 52.515873 0.9815836373903988
797 13 142.31985 138.90216 181.37186 1.6107569196437084
798 13 28.50911 80.57924 169.29335 1.0883596018441863
799 13 43.869156 190.98114 2.487327 1.3211600234114877
801 13 161.97707 89.05468 10.058034 1.6145538804724882
803 13 144.55583 62.11733 160.7787 2.1375139133500953
804 13 62.927147 175.25659 47.688545 1.557088705781136
805 13 56.57538 11.926271 69.7791 1.5407101427613448
806 13 65.00026 131.0085 83.02658 1.5883527883839539
807 13 60.714115 139.42433 109.52972 1.7409076772148064
811 13 31.489317 89.71591 144.81888 1.2963639551293331
812 13 60.513824 131.116 77.00397 1.7734875218448711
813 13 165.4875 103.233925 12.023697 1.6578711511469102
814 13 67.784966 118.39758 69.34314 1.305887512954964
816 13 42.925278 134.2934 169.78145 1.598809494693013
817 13 93.059685 79.46318 35.21393 1.700769905306642
818 13 38.636406 83.23246 152.5881 1.468437978278868
819 13 69.55938 191.13437 104.813515 1.4221956639561446
822 13 51.736507 142.61893 82.98747 1.3506865566149073
823 13 17.250841 154.95766 149.84009 1.383377293840268
824 13 39.586285 43.866188 148.96626 1.553662216409851
825 13 174.59578 21.660473 132.78424 1.4200747249187236
826 13 86.564384 96.607666 25.24999 1.8116561095420833
827 13 12.418204 43.201885 40.89302 1.6235601469491692
835 13 196.93135 124.723274 141.70842 0.870359859364527
836 13 71.48433 115.75361 4.679543 1.4222079685174567
837 13 115.65579 163.86191 139.18413 1.9267269662608735
839 13 33.076965 19.169983 131.7686 1.160202190689532
841 13 85.23121 24.283005 150.38982 1.7050504047201998
842 13 189.59491 189.53607 65.71292 1.2899223399338053
843 13 183.80014 133.85187 12.91865 1.8570679508911143
844 13 51.227615 95.03296 44.02652 1.448810235814511
848 13 150.71684 127.02341 64.31287 1.8986864314863585
854 13 88.69137 96.31265 37.32755 1.2417510786621697
855 13 49.387497 107.09193 171.88968 1.3617185302815809
856 13 34.229687 24.458261 144.43123 1.1456055363078346
857 13 118.75823 129.62582 186.07674 1.8714097853929275
860 13 10.281816 12.7428255 172.4582 1.7107100842899665
863 13 167.40762 125.44449 33.648624 1.4746909213103323
864 13 26.65893 180.92123 41.795135 1.3553653534163674
866 13 16.726913 125.119064 196.72327 1.826472828208117
868 13 81.31586 106.1692 101.6111 1.662804858804793
869 13 42.134224 48.280273 147.3563 0.9963474158094449
870 13 29.143572 13.219865 140.0734 1.3638712560298287
873 13 54.85959 201.81041 137.43423 1.6056707479631065
875 13 105.282265 87.433556 76.85385 1.6697431617690397
876 13 179.34659 61.07433 113.99895 1.5730316878575565
879 13 132.63861 61.57344 125.412605 1.7899637376537982
882 13 30.916372 92.46726 14.156035 1.3741971860769733
883 13 85.041374 138.44614 178.43982 1.359678158835414
884 13 63.978268 125.3322 113.54003 1.641720293592365
885 13 155.69923 27.985771 94.53272 1.9204031663522798
886 13 121.19165 35.766567 145.94266 1.7427356120463684
889 13 179.95918 157.74205 49.527184 1.8898714995726398
890 13 44.064335 129.76721 188.49443 1.6589663903700989
891 13 13.621226 197.87967 175.75124 1.5328655612386848
895 13 159.17316 188.46669 158.48798 1.8795535005511093
896 13 116.67551 47.947556 76.576 1.7775957376978866
897 13 50.471348 141.90178 7.0619874 1.6972784732638253
898 13 126.09682 83.83538 7.910165 1.77886761565042
899 13 183.24266 116.81698 11.545614 1.6657973008969618
900 13 93.491585 17.464073 125.71848 1.6532850163516941
901 13 172.55952 150.98091 165.19058 1.7992202917633175
902 13 123.703125 160.92358 40.730633 1.5337611526059658
904 13 185.96422 116.556465 21.075798 1.0364047637177305
905 13 12.083588 178.13673 50.28524 1.3146174779375877
906 13 1.1576144 78.26373 82.18802 1.3460856764892986
908 13 83.144325 2.8968515 81.6709 1.4829958276485078
911 13 145.78485 188.52547 36.44587 1.8578949782761125
914 13 138.46265 52.48436 33.58815 1.8183361192107819
916 13 16.418116 193.70511 133.20332 1.4520483418980001
920 13 190.55199 161.46858 44.147327 1.7866595335995585
922 13 37.76581 1.5478852 180.69667 0.6530254394588473
924 13 119.94923 64.36384 154.27956 0.9687510455622271
925 13 156.29459 100.64407 170.19514 1.5833885578832374
931 13 58.501125 45.596973 1.9560469 0.908424186967159
932 13 139.82037 41.733192 116.11964 0.9069850668460561
933 13 183.74904 54.83812 95.40496 0.22269397581352737
935 13 134.85785 81.47743 176.99738 1.7357046045775744
937 13 108.5744 183.87222 26.569992 1.1901335677075746
938 13 50.835133 48.532063 132.39146 1.2259596831894264
939 13 60.987938 24.543362 65.97172 1.4969642288661957
940 13 164.81898 128.77504 163.05602 1.7863695516618265
942 13 111.06112 195.00058 111.34105 1.5153663569133122
943 13 30.559061 27.309198 144.39825 1.7782988204672783
945 13 199.59366 196.92354 103.106926 1.1755320784102072
947 13 196.83282 79.52695 80.87734 1.3114505016429723
949 13 174.84093 169.60466 100.9429 1.4972796081399682
950 13 3.4122128 2.8479521 144.26566 1.7009954961888771
953 13 101.50401 27.164404 13.731835 1.4902009902156026
954 13 37.266727 190.30206 23.873562 1.1149382342662366
955 13 90.88719 77.15649 33.398968 1.0783119891562325
960 13 75.241684 68.52077 51.11595 0.847244225289373
961 13 97.395096 27.458824 148.74834 1.4735094244059752
962 13 32.73036 75.42593 145.22179 1.6503249320667046
965 13 109.55966 150.38 140.83015 1.1163855761532286
968 13 136.50395 185.92215 122.75572 1.8259525725571712
974 13 203.8119 42.155945 47.091778 1.2825989310574113
986 13 84.10394 108.66119 90.299515 1.6953043217540986
987 13 172.4659 55.60719 92.639465 1.7996777160834516
989 13 91.54678 79.06361 34.88607 1.6294490229191059
990 13 155.77426 164.85947 168.32059 1.6024607523463497
991 13 21.211 182.13983 53.15993 1.6802048113088512
1000 13 62.241787 178.50621 51.021576 1.8309426233238584
1003 13 59.829628 18.94296 41.600777 1.4325722426962357
1005 13 35.429478 85.7605 155.4155 1.8626523092091238
1006 13 55.818237 12.058174 47.91226 1.7473094586107376
1008 13 176.94757 168.26485 109.60009 1.7557011864919652
1009 13 19.279736 14.169214 116.81072 0.8969205330942545
1012 13 113.423225 152.89523 142.95506 0.9536076193415093
1013 13 78.00058 72.642296 57.8017 1.5785174399111916
1016 13 8.611847 113.299164 128.15347 0.4694370321284138
1018 13 64.26349 189.68492 40.957325 1.404615646076008
1025 13 43.189007 83.51985 82.06683 1.4969301737064447
1029 13 106.10586 182.36163 90.240265 1.8013115216629765
1031 13 105.500824 23.76417 92.462326 1.5203918774495597
1039 13 147.69559 132.7018 156.91748 1.5635129741099025
1040 13 106.22073 1.2070214 118.072044 1.5267418929707604
1041 13 145.15791 94.33884 162.61058 1.4114930200198987
1045 13 168.47292 52.58742 59.620407 1.3698044570839385
1046 13 173.16544 29.211773 156.28647 1.3513838682285022
1047 13 182.51016 115.728745 167.89937 1.5473833717161847
1048 13 76.46466 156.11742 81.36678 1.5109390663679902
1049 13 184.78397 32.31083 0.22586401 0.6938650289260775
1051 13 99.96608 157.09946 153.71529 1.6825440904510929
1052 13 20.487452 119.343575 26.198263 1.1595822022741387
1055 13 148.02171 31.363724 163.98637 1.587338961699018
1066 13 189.11316 192.5664 84.2372 0.19298025181425338
1084 13 27.318842 167.83629 60.259098 1.6923319665024268
1095 13 144.8753 61.20062 132.34164 1.6883955883471031
1097 13 24.81714 43.06758 178.71054 1.9772572101179218
1100 13 55.25902 86.25758 152.75418 0.9439935703330843
1105 13 23.246231 50.990253 188.98436 1.3572039291650062
1110 13 14.831301 176.48941 14.350505 1.4273492991327346
1113 13 49.502674 53.000668 139.5047 1.7880671731883953
1115 13 100.36371 60.76017 39.35183 1.4797669375543916
1124 13 62.939636 139.3279 119.55695 1.6733448275420206
1125 13 10.007931 203.31561 5.424291 1.6072932409368215
1168 13 163.91434 33.76324 163.7134 1.3060661893068761
1173 13 140.19922 51.23022 67.09698 1.6362687610131879
1257 13 80.45563 56.93653 110.34073 1.3424160980882376
