93 13 74.25339 12.0164795 106.77538 16
185 13 178.99066 97.66873 163.02057 6
226 13 113.44025 62.18535 191.00528 12
295 13 138.8112 31.017136 147.23042 16
304 13 183.32478 57.176636 107.48614 5
307 13 147.47983 132.65279 74.08421 13
313 13 2.38066 7.5760717 39.48816 9
315 13 133.24564 4.760979 194.39386 12
322 13 30.303476 93.226944 10.911667 5
352 13 53.710903 185.59894 63.44691 18
356 13 201.63797 71.11093 85.67433 12
357 13 184.6948 63.878796 104.57244 14
374 13 133.69655 88.88511 69.750786 11
394 13 14.347547 13.855476 127.080444 20
410 13 124.898796 196.56113 21.729153 15
411 13 98.78345 156.54512 155.10307 12
421 13 84.881516 161.97702 7.58087 7
423 13 80.94954 175.46286 53.708775 6
424 13 170.20786 110.067764 156.37341 14
430 13 111.64189 151.33936 200.82376 19
440 13 81.71211 197.08678 143.50665 15
441 13 11.665152 104.431625 195.59721 12
459 13 166.19424 24.432377 39.52232 10
461 13 28.28922 38.860527 134.56815 15
463 13 23.134375 171.68228 120.747665 5
474 13 8.3445215 8.693734 121.70441 7
475 13 84.30704 17.242098 143.9858 13
479 13 14.468059 151.26422 111.56699 7
493 13 27.715725 68.69017 203.58789 12
501 13 155.06595 131.92305 15.617114 18
511 13 130.16136 64.24549 154.86575 7
514 13 169.78116 160.3006 68.29477 14
516 13 57.4508 45.127346 3.6340477 17
519 13 168.37221 53.335667 24.000708 11
525 13 39.33276 165.62639 52.98 15
526 13 161.89922 42.818348 159.01707 21
529 13 22.4369 176.51067 18.669477 13
540 13 66.92414 50.116085 154.59915 16
551 13 147.84856 55.95537 66.1314 9
558 13 198.53893 192.95326 101.664734 13
561 13 17.688946 198.55408 56.39457 9
564 13 131.8204 142.21039 53.503 15
565 13 73.6191 200.79439 77.96227 17
566 13 74.38782 99.102036 156.3039 24
579 13 97.28834 106.48272 76.68736 13
580 13 20.126305 199.42374 57.27949 20
595 13 91.08058 148.4481 13.607937 17
600 13 126.58782 73.502716 187.30156 18
603 13 172.57361 53.265335 61.848454 9
608 13 202.98187 147.23102 157.14536 16
612 13 97.44522 183.69347 138.33287 2
625 13 126.24254 36.872566 65.9934 11
630 13 80.825325 152.77937 194.61317 17
632 13 105.94533 194.35677 125.30169 13
637 13 129.14566 174.10118 73.65965 25
640 13 179.21878 62.62359 117.57663 23
641 13 123.21906 120.83009 198.42892 18
642 13 171.99939 108.20257 11.811422 9
644 13 137.87376 106.36406 23.140474 15
649 13 92.86412 179.70293 163.42041 12
652 13 120.771904 140.13304 194.77995 6
656 13 147.03783 84.81508 63.34525 2
657 13 114.71731 25.789381 48.5439 10
661 13 119.85164 68.93211 193.15176 15
665 13 196.65848 101.99754 81.11643 15
674 13 48.084015 112.074875 174.31438 12
677 13 166.44125 39.82366 78.95327 8
679 13 134.74663 82.06575 103.518616 10
680 13 19.064674 171.60541 11.752432 11
683 13 66.05172 151.05635 87.636604 22
686 13 101.864586 123.58044 180.79333 9
691 13 77.43233 186.14955 135.57066 19
697 13 153.90088 66.20397 141.98582 13
698 13 89.97238 133.00368 43.691116 12
702 13 196.37173 62.63307 140.37952 15
703 13 17.582186 162.05823 203.04953 19
709 13 1.8108191 200.81805 31.10255 8
713 13 140.08533 30.14891 38.190746 17
718 13 65.151245 201.03285 74.86429 14
719 13 159.68784 38.733166 174.38748 26
721 13 147.49472 176.62683 138.78903 22
722 13 66.396164 109.00401 60.239918 18
726 13 104.60029 195.06961 140.86325 12
727 13 95.294586 144.2974 37.965897 12
728 13 18.032328 9.510368 101.83807 3
729 13 23.263865 178.2145 18.951885 15
730 13 15.242955 74.6061 141.73705 17
731 13 50.575863 69.9765 202.45695 10
732 13 177.36848 3.933648 8.347767 12
733 13 149.46692 85.28522 30.276064 15
738 13 152.03647 154.69595 17.506939 5
741 13 64.86763 93.08881 3.6918395 2
743 13 24.878906 39.161205 138.62941 23
745 13 82.367744 35.151817 163.59703 15
748 13 141.56267 58.85347 70.18499 11
750 13 88.652405 199.54167 79.68223 17
751 13 150.83665 173.6503 68.1765 7
753 13 173.9045 170.05373 128.32109 3
755 13 41.480804 21.364538 202.7058 22
756 13 104.85626 71.44684 29.593092 14
757 13 35.59935 155.6222 76.22584 22
758 13 86.12184 153.45566 62.57823 13
759 13 102.58824 52.676003 127.49046 7
760 13 77.785194 25.384815 12.793068 6
762 13 9.781244 96.70827 182.81818 18
763 13 145.235 28.59513 33.999836 12
765 13 6.655629 75.70907 129.69817 16
766 13 65.629105 29.699974 165.8341 17
767 13 50.297905 149.47208 58.59679 7
769 13 47.586185 185.99028 4.915139 6
772 13 85.37169 192.34584 67.57747 13
773 13 165.76123 161.70872 60.87555 9
775 13 92.90662 192.67882 59.910988 15
776 13 140.55164 204.22966 3.1348643 8
777 13 160.44107 32.10552 88.39277 13
778 13 36.634113 142.61107 173.45445 10
779 13 102.26345 75.71875 117.322975 11
780 13 81.60794 183.30421 165.79863 14
781 13 76.98122 42.407494 162.89572 20
782 13 200.08768 78.37519 169.77406 10
787 13 45.27859 133.51422 112.59367 9
788 13 101.82451 119.69519 82.89367 14
789 13 169.32892 43.845486 150.5049 6
791 13 18.538174 65.06519 182.69572 11
792 13 129.78215 34.252266 36.897 11
793 13 84.66615 17.03252 104.441765 13
795 13 147.97781 131.20403 169.85782 15
796 13 65.74481 185.64407 52.515873 6
797 13 142.31985 138.90216 181.37186 12
798 13 28.50911 80.57924 169.29335 8
799 13 43.869156 190.98114 2.487327 20
801 13 161.97707 89.05468 10.058034 12
803 13 144.55583 62.11733 160.7787 8
804 13 62.927147 175.25659 47.688545 17
805 13 56.57538 11.926271 69.7791 8
806 13 65.00026 131.0085 83.02658 15
807 13 60.714115 139.42433 109.52972 12
811 13 31.489317 89.71591 144.81888 16
812 13 60.513824 131.116 77.00397 10
813 13 165.4875 103.233925 12.023697 8
814 13 67.784966 118.39758 69.34314 13
816 13 42.925278 134.2934 169.78145 14
817 13 93.059685 79.46318 35.21393 5
818 13 38.636406 83.23246 152.5881 16
819 13 69.55938 191.13437 104.813515 9
822 13 51.736507 142.61893 82.98747 7
823 13 17.250841 154.95766 149.84009 7
824 13 39.586285 43.866188 148.96626 10
825 13 174.59578 21.660473 132.78424 12
826 13 86.564384 96.607666 25.24999 17
827 13 12.418204 43.201885 40.89302 6
835 13 196.93135 124.723274 141.70842 7
836 13 71.48433 115.75361 4.679543 14
837 13 115.65579 163.86191 139.18413 18
839 13 33.076965 19.169983 131.7686 8
841 13 85.23121 24.283005 150.38982 11
842 13 189.59491 189.53607 65.71292 7
843 13 183.80014 133.85187 12.91865 12
844 13 51.227615 95.03296 44.02652 10
848 13 150.71684 127.02341 64.31287 8
854 13 88.69137 96.31265 37.32755 8
855 13 49.387497 107.09193 171.88968 11
856 13 34.229687 24.458261 144.43123 10
857 13 118.75823 129.62582 186.07674 12
860 13 10.281816 12.7428255 172.4582 6
863 13 167.40762 125.44449 33.648624 19
864 13 26.65893 180.92123 41.795135 12
866 13 16.726913 125.119064 196.72327 9
868 13 81.31586 106.1692 101.6111 5
869 13 42.134224 48.280273 147.3563 3
870 13 29.143572 13.219865 140.0734 19
873 13 54.85959 201.81041 137.43423 18
875 13 105.282265 87.433556 76.85385 4
876 13 179.34659 61.07433 113.99895 12
879 13 132.63861 61.57344 125.412605 17
882 13 30.916372 92.46726 14.156035 10
883 13 85.041374 138.44614 178.43982 7
884 13 63.978268 125.3322 113.54003 10
885 13 155.69923 27.985771 94.53272 17
886 13 121.19165 35.766567 145.94266 12
889 13 179.95918 157.74205 49.527184 25
890 13 44.064335 129.76721 188.49443 13
891 13 13.621226 197.87967 175.75124 18
895 13 159.17316 188.46669 158.48798 9
896 13 116.67551 47.947556 76.576 15
897 13 50.471348 141.90178 7.0619874 9
898 13 126.09682 83.83538 7.910165 13
899 13 183.24266 116.81698 11.545614 13
900 13 93.491585 17.464073 125.71848 12
901 13 172.55952 150.98091 165.19058 13
902 13 123.703125 160.92358 40.730633 9
904 13 185.96422 116.556465 21.075798 8
905 13 12.083588 178.13673 50.28524 15
906 13 1.1576144 78.26373 82.18802 17
908 13 83.144325 2.8968515 81.6709 8
911 13 145.78485 188.52547 36.44587 17
914 13 138.46265 52.48436 33.58815 7
916 13 16.418116 193.70511 133.20332 12
920 13 190.55199 161.46858 44.147327 10
922 13 37.76581 1.5478852 180.69667 23
924 13 119.94923 64.36384 154.27956 8
925 13 156.29459 100.64407 170.19514 7
931 13 58.501125 45.596973 1.9560469 4
932 13 139.82037 41.733192 116.11964 22
933 13 183.74904 54.83812 95.40496 11
935 13 134.85785 81.47743 176.99738 13
937 13 108.5744 183.87222 26.569992 16
938 13 50.835133 48.532063 132.39146 13
939 13 60.987938 24.543362 65.97172 14
940 13 164.81898 128.77504 163.05602 8
942 13 111.06112 195.00058 111.34105 15
943 13 30.559061 27.309198 144.39825 14
945 13 199.59366 196.92354 103.106926 12
947 13 196.83282 79.52695 80.87734 5
949 13 174.84093 169.60466 100.9429 9
950 13 3.4122128 2.8479521 144.26566 13
953 13 101.50401 27.164404 13.731835 22
954 13 37.266727 190.30206 23.873562 8
955 13 90.88719 77.15649 33.398968 13
960 13 75.241684 68.52077 51.11595 10
961 13 97.395096 27.458824 148.74834 12
962 13 32.73036 75.42593 145.22179 11
965 13 109.55966 150.38 140.83015 12
968 13 136.50395 185.92215 122.75572 10
974 13 203.8119 42.155945 47.091778 8
986 13 84.10394 108.66119 90.299515 12
987 13 172.4659 55.60719 92.639465 12
989 13 91.54678 79.06361 34.88607 2
990 13 155.77426 164.85947 168.32059 13
991 13 21.211 182.13983 53.15993 17
1000 13 62.241787 178.50621 51.021576 6
1003 13 59.829628 18.94296 41.600777 11
1005 13 35.429478 85.7605 155.4155 12
1006 13 55.818237 12.058174 47.91226 10
1008 13 176.94757 168.26485 109.60009 8
1009 13 19.279736 14.169214 116.81072 16
1012 13 113.423225 152.89523 142.95506 14
1013 13 78.00058 72.642296 57.8017 15
1016 13 8.611847 113.299164 128.15347 4
1018 13 64.26349 189.68492 40.957325 7
1025 13 43.189007 83.51985 82.06683 13
1029 13 106.10586 182.36163 90.240265 15
1031 13 105.500824 23.76417 92.462326 16
1039 13 147.69559 132.7018 156.91748 13
1040 13 106.22073 1.2070214 118.072044 18
1041 13 145.15791 94.33884 162.61058 9
1045 13 168.47292 52.58742 59.620407 20
1046 13 173.16544 29.211773 156.28647 11
1047 13 182.51016 115.728745 167.89937 15
1048 13 76.46466 156.11742 81.36678 20
1049 13 184.78397 32.31083 0.22586401 11
1051 13 99.96608 157.09946 153.71529 5
1052 13 20.487452 119.343575 26.198263 5
1055 13 148.02171 31.363724 163.98637 19
1066 13 189.11316 192.5664 84.2372 6
1084 13 27.318842 167.83629 60.259098 7
1095 13 144.8753 61.20062 132.34164 10
1097 13 24.81714 43.06758 178.71054 16
1100 13 55.25902 86.25758 152.75418 13
1105 13 23.246231 50.990253 188.98436 9
1110 13 14.831301 176.48941 14.350505 8
1113 13 49.502674 53.000668 139.5047 9
1115 13 100.36371 60.76017 39.35183 16
1124 13 62.939636 139.3279 119.55695 12
1125 13 10.007931 203.31561 5.424291 18
1168 13 163.91434 33.76324 163.7134 7
1173 13 140.19922 51.23022 67.09698 6
1257 13 80.45563 56.93653 110.34073 15
