93 13 74.2041 12.06848 106.588684 1.7236229
185 13 179.16586 97.84199 163.0891 0.97542113
226 13 113.46272 61.9649 190.92047 1.671348
295 13 138.85767 31.055635 147.38672 1.2415806
304 13 183.4179 57.0779 107.74158 0.7046111
307 13 147.54527 132.80562 73.89463 0.7858493
313 13 2.4173515 7.6976132 39.44124 1.1139563
315 13 133.32767 4.7049375 194.50938 1.1107395
322 13 30.119333 93.504814 10.848571 -0.18912749
352 13 53.48702 185.69904 63.61139 1.7120571
356 13 201.68576 70.96796 85.97122 1.5299649
357 13 184.41946 63.922535 104.77134 1.2336873
374 13 133.59763 88.69419 69.82441 1.2008554
394 13 14.4461565 13.744627 127.16667 1.6634398
410 13 125.07267 196.35039 21.537878 1.7011906
411 13 98.97279 156.69183 154.91586 1.3452525
421 13 84.9713 162.03673 7.6274967 1.0450609
423 13 81.13138 175.35226 53.827206 1.3103526
424 13 170.36417 110.01159 156.28305 1.2380183
430 13 111.6038 151.21053 200.99455 1.7199092
440 13 81.74357 196.98787 143.33478 1.4956441
441 13 11.658892 104.462585 195.31894 1.4247411
459 13 166.5324 24.31711 39.276443 1.3316559
461 13 28.21402 38.61975 134.47029 1.6065056
463 13 23.11286 171.34653 121.05745 0.620481
474 13 8.522057 8.61321 121.49223 0.501126
475 13 84.18908 17.06103 143.91962 0.95979345
479 13 14.540716 151.15607 111.572334 1.1412929
493 13 27.736574 68.38616 203.60194 1.3346747
501 13 155.19969 131.66653 15.490965 1.7963938
511 13 130.34595 64.00719 154.97525 1.1991702
514 13 170.05563 160.1516 68.32978 1.8255153
516 13 57.53496 44.84286 3.562933 1.7460366
519 13 168.39522 53.375874 24.152637 1.5763172
525 13 39.343197 165.78377 53.01189 1.4407474
526 13 161.79721 42.878567 158.73572 1.6972309
529 13 22.343122 176.37628 18.379099 1.3739202
540 13 67.015274 49.777794 154.57628 0.8815838
551 13 147.83202 55.89412 66.259346 1.7173077
558 13 198.44516 192.9548 101.727356 1.5210007
561 13 17.519882 198.55559 56.75419 1.764428
564 13 131.75816 142.27544 53.571774 1.047006
565 13 73.62984 200.49117 77.78499 1.3843536
566 13 74.43299 99.219406 156.48843 1.7491856
579 13 97.20792 106.521545 76.8441 1.4524667
580 13 20.561453 199.55788 57.260838 1.6207423
595 13 91.29621 148.54137 13.620656 1.5863159
600 13 126.34551 73.732 187.56741 1.3620403
603 13 172.25572 53.33651 61.95313 1.554423
608 13 203.0492 147.12753 157.2331 1.8525668
612 13 97.41601 183.83194 138.75108 -0.0590205
625 13 126.20412 36.853554 66.40402 1.4757338
630 13 80.85871 152.49498 194.54742 1.8725197
632 13 106.124084 193.97179 125.26788 1.1101675
637 13 128.96405 174.1356 73.907814 1.6877133
640 13 179.46399 62.812553 117.46894 1.4807838
641 13 123.26005 121.14959 198.43126 1.495096
642 13 171.61322 108.30359 11.72205 0.78408784
644 13 137.96408 106.14084 23.277912 1.7997819
649 13 92.91915 179.77995 163.1655 1.0688775
652 13 120.52843 139.98203 194.58434 -0.045335338
656 13 146.99423 84.526306 63.301014 -0.38248605
657 13 115.04002 26.061964 48.562416 0.9528755
661 13 119.92454 69.045235 193.29555 1.5661403
665 13 196.85161 102.0339 81.04667 1.5458465
674 13 47.90906 112.37428 174.65443 1.022517
677 13 166.62274 39.850494 79.14746 1.2774882
679 13 135.0121 82.228584 103.586006 1.3264289
680 13 19.075191 171.28549 11.650667 1.26909
683 13 66.21947 150.78445 87.357796 1.6366816
686 13 101.96685 123.612946 180.75323 1.4562362
691 13 77.734665 186.15706 135.53291 1.5171372
697 13 154.25375 66.344185 142.0284 1.5605186
698 13 90.20968 132.87465 43.52294 1.2324761
702 13 196.4702 62.471104 140.31035 1.8470582
703 13 17.705545 162.25519 202.98743 1.6492646
709 13 1.9702882 200.94891 30.862251 0.92383707
713 13 139.94643 30.103092 38.23162 1.8343953
718 13 64.74736 201.1236 74.86781 0.834376
719 13 159.8342 38.492493 174.3318 1.8541259
721 13 147.32059 176.65846 138.87743 1.7233212
722 13 66.45754 108.8638 60.100792 1.5194056
726 13 105.01604 194.89272 140.90059 1.3556435
727 13 95.22453 144.22237 38.081306 1.8343208
728 13 17.917202 9.231105 102.17417 1.0479919
729 13 23.158684 178.37701 19.149443 1.7360654
730 13 15.3828335 74.729385 141.55197 1.5281913
731 13 50.620415 69.51871 202.31245 0.92418045
732 13 177.01913 3.7422214 8.29529 1.5333805
733 13 149.59875 85.45666 30.491276 1.4080807
738 13 151.96384 154.68564 17.296005 0.20186989
741 13 64.718025 92.99163 3.6125083 -0.48514074
743 13 24.795534 39.00945 138.60475 1.9370053
745 13 82.63521 34.968708 163.60509 1.7073036
748 13 141.31458 59.079258 70.19597 1.1858127
750 13 88.63917 199.25272 80.01049 1.5910716
751 13 150.95486 173.5873 68.13696 1.2537956
753 13 174.01102 170.2857 128.121 0.5803641
755 13 41.549805 21.244774 203.13443 1.8265966
756 13 104.96036 71.52353 29.654009 1.732547
757 13 35.69052 155.48628 76.53453 1.9258527
758 13 86.159294 153.21942 62.96587 1.6440225
759 13 102.38796 52.84599 127.32046 1.3882484
760 13 77.84459 25.2884 12.8367 1.6186621
762 13 9.783669 96.96748 182.8954 1.8642213
763 13 145.17082 28.469763 34.23225 1.6370902
765 13 6.5314846 75.76853 129.51077 1.2651522
766 13 65.56408 29.837942 165.73686 1.2627376
767 13 50.38737 149.41093 58.455605 1.1511716
769 13 47.716446 185.6663 4.9028544 1.7493436
772 13 85.170456 192.30444 67.68802 1.1086535
773 13 165.8087 161.8077 60.94292 1.5749133
775 13 92.74524 192.64488 59.969315 1.8479676
776 13 140.74413 204.64381 3.0385673 0.7311411
777 13 160.85736 32.17706 88.40699 1.1523821
778 13 36.744915 142.67195 173.24355 1.3901744
779 13 102.213715 75.637146 117.38311 1.7529596
780 13 81.451515 183.02325 165.76035 1.7180359
781 13 77.05287 42.03263 163.00148 1.6529936
782 13 200.52158 78.4462 169.69997 0.9714525
787 13 45.652496 133.59245 112.335266 1.3041688
788 13 101.79858 119.60084 82.84851 1.3244895
789 13 169.36572 44.08754 150.57913 1.1445215
791 13 18.08494 65.13181 182.71849 1.5582784
792 13 130.1309 34.323067 36.80731 1.040081
793 13 84.37929 17.051222 104.25254 1.3088329
795 13 147.9715 131.02948 170.14113 1.2704302
796 13 65.947 185.74184 52.450153 1.0019608
797 13 142.3231 138.7885 181.2283 2.1675718
798 13 28.526205 80.60449 169.14343 0.4190547
799 13 43.736412 191.06721 2.4266837 1.8455944
801 13 161.79875 89.39856 10.12654 1.4365276
803 13 144.12915 61.869617 160.7005 1.620677
804 13 62.96007 175.51868 47.815067 1.7228428
805 13 56.4365 12.160721 69.64944 1.4081626
806 13 65.01678 130.90115 83.01755 1.3420918
807 13 60.72808 139.50276 109.46601 1.5697623
811 13 31.655725 89.519165 144.63913 1.0683976
812 13 60.511837 130.86911 77.227974 1.6053714
813 13 165.42317 102.91911 11.662172 1.2959878
814 13 67.86137 118.48225 69.579056 1.8344221
816 13 43.390472 134.35362 169.81671 1.5618705
817 13 93.16393 79.45631 35.039585 0.35788256
818 13 38.60409 83.3516 152.5954 0.88527393
819 13 69.524666 191.14275 104.53789 1.2233756
822 13 51.54072 142.36092 83.347755 1.3701128
823 13 17.299467 155.10226 149.82613 1.6581714
824 13 39.32987 43.90788 148.87074 1.6529346
825 13 174.52888 21.70375 132.86386 1.3795413
826 13 86.69983 96.36081 25.043938 1.7301087
827 13 12.86397 43.398365 40.99185 0.8774023
835 13 196.90839 124.803856 141.50479 1.2330532
836 13 71.46067 115.95999 4.524073 1.9139931
837 13 115.92552 164.03171 139.00394 1.2548625
839 13 33.064014 19.461067 131.93445 0.5841312
841 13 85.181465 24.37239 150.3826 1.4826722
842 13 189.60324 189.73323 65.60881 1.3815101
843 13 183.66632 133.99133 12.70546 1.9262496
844 13 51.074688 95.0326 43.918816 1.7642602
848 13 150.7459 126.81574 64.59135 1.1127472
854 13 88.71495 96.48708 37.148014 1.2094828
855 13 49.66852 106.87775 171.9661 1.31398
856 13 34.30773 24.196972 144.4167 1.7809563
857 13 118.68845 129.21533 186.13814 1.7346138
860 13 9.947836 12.804029 172.36505 0.59497976
863 13 167.39326 125.51406 33.244022 1.5604709
864 13 26.748354 180.91417 41.58202 0.9142068
866 13 16.657303 124.96693 196.64555 0.9248828
868 13 81.05113 106.137115 101.744225 1.7978015
869 13 42.228424 48.403618 147.45908 -0.04887194
870 13 28.805834 12.994847 140.21745 1.2582854
873 13 54.827858 201.88162 137.23892 1.0052246
875 13 105.42893 87.29526 77.262505 0.066850424
876 13 179.18297 61.3919 114.109985 1.576166
879 13 132.5254 61.513905 125.06955 1.1216627
882 13 30.89351 92.837326 14.127491 1.518938
883 13 85.1949 138.8286 178.4603 1.2846329
884 13 64.0673 125.265495 113.64694 1.1262189
885 13 155.53143 27.976456 94.955505 1.6434058
886 13 121.5728 35.499416 145.91866 1.5376384
889 13 179.60287 157.93793 49.7895 1.2420921
890 13 43.91813 129.7403 188.59631 1.0505755
891 13 13.563551 197.8679 175.92082 1.7357359
895 13 159.32559 188.23979 158.58975 0.87752616
896 13 116.72836 48.13694 76.655716 1.6257522
897 13 50.74214 142.06569 7.0545287 0.2729664
898 13 126.088585 83.98032 7.4864597 1.3647654
899 13 183.40166 116.71402 11.666652 1.3622358
900 13 93.37845 17.389797 125.87877 0.9508392
901 13 172.48029 150.55426 165.04005 1.5439532
902 13 123.33807 160.84314 40.84695 1.5233153
904 13 185.9762 116.2823 21.034132 2.1071682
905 13 12.158388 177.91371 50.19329 1.4368677
906 13 1.2331513 78.19064 82.2738 1.1517845
908 13 83.06313 2.5139081 81.58935 0.920797
911 13 145.49983 188.36336 36.182247 0.9741567
914 13 138.07246 52.437515 33.512768 1.4085212
916 13 16.49083 193.57419 133.3166 1.3006511
920 13 190.58395 161.79646 43.97098 1.5590984
922 13 37.806713 1.4167304 180.65417 1.6517347
924 13 120.2991 64.26328 154.26872 1.3348749
925 13 156.46857 100.71602 170.49536 1.1073314
931 13 58.556324 45.475567 2.0301156 -0.08840792
932 13 140.20764 41.87427 116.39297 2.0835927
933 13 183.60733 54.9557 95.4699 1.6103957
935 13 135.08928 81.25113 177.2139 1.6809245
937 13 108.51252 184.2339 26.67805 1.1065617
938 13 50.99624 48.52169 132.40825 1.2887791
939 13 61.202606 24.35382 66.3149 1.8221687
940 13 164.85881 128.68922 162.87453 0.5802907
942 13 111.11195 195.13489 111.27841 1.4816551
943 13 30.58838 27.201675 144.42397 1.2612383
945 13 199.93141 197.12372 103.141495 1.141989
947 13 196.95164 79.55566 80.94929 1.6326866
949 13 174.85107 169.70581 101.28729 1.195396
950 13 3.0786414 2.8856893 143.91325 1.1046283
953 13 101.59583 27.327106 13.626034 1.705576
954 13 37.286312 190.75119 23.99447 1.0059397
955 13 90.75441 77.35412 33.41706 1.6355461
960 13 75.24609 68.523506 51.266304 0.68674946
961 13 97.26629 27.343742 148.89473 1.3799989
962 13 32.53439 75.50072 145.28914 1.7117219
965 13 109.48148 150.33119 140.78882 1.7051393
968 13 136.52931 186.10887 122.64081 1.6433223
974 13 203.92302 42.10632 47.00648 1.9362478
986 13 83.81775 108.71671 90.42509 1.1991524
987 13 172.48761 55.77742 92.75313 0.9390539
989 13 91.447464 78.897804 35.228527 0.6746815
990 13 155.72212 164.63626 168.34598 1.4249883
991 13 21.178429 182.44473 52.86142 2.0546868
1000 13 62.404915 178.19017 50.848763 1.2021692
1003 13 60.132454 18.841318 41.45633 1.3992534
1005 13 35.437866 85.588264 155.2723 1.5656544
1006 13 55.68626 11.732085 47.940575 0.90245795
1008 13 176.89432 168.30713 109.33876 1.7209595
1009 13 19.068033 14.16362 116.66667 2.2600076
1012 13 113.64526 152.82042 142.86848 1.7511294
1013 13 78.095795 72.76353 57.825333 1.9652784
1016 13 8.483713 113.51297 128.30861 0.09322462
1018 13 64.369545 189.71855 41.116028 0.9696047
1025 13 43.228767 83.62018 82.03774 0.8467033
1029 13 106.238625 182.32767 90.425255 1.7180315
1031 13 105.4012 23.854742 92.55231 1.7139479
1039 13 147.58412 132.46771 157.2535 1.5307657
1040 13 106.13857 1.2625952 118.201355 1.8988838
1041 13 145.44795 93.95152 162.5087 0.46149588
1045 13 168.54172 52.545914 59.48928 2.1401947
1046 13 173.57071 29.215773 156.32521 0.9185452
1047 13 182.49817 115.518074 167.92572 0.7466379
1048 13 76.557014 156.00935 81.36099 2.1065478
1049 13 184.80765 32.188107 0.086985454 1.2546918
1051 13 100.07686 157.04106 153.71394 -0.05594139
1052 13 20.77385 119.22161 26.512653 1.154995
1055 13 148.05852 31.435333 163.83551 1.6481043
1066 13 188.95734 192.69785 84.21536 0.17401092
1084 13 27.673693 167.56339 60.36551 1.2147492
1095 13 145.06444 61.22605 132.17534 -0.11447601
1097 13 24.666279 42.85699 178.34572 1.425215
1100 13 55.123016 85.979744 152.61163 1.8006421
1105 13 23.085968 51.026577 188.72437 2.0596406
1110 13 14.92628 176.23663 14.399622 0.5391681
1113 13 49.200726 52.974503 139.47714 1.3261423
1115 13 100.236755 60.516155 39.415302 1.3234874
1124 13 62.907837 139.3387 119.74129 1.3349714
1125 13 10.005951 203.482 5.4336147 1.2916414
1168 13 163.83006 33.737915 163.55777 0.6809599
1173 13 140.20508 51.324047 67.05181 -0.119328365
1257 13 80.24927 56.87448 110.2112 1.1581798
