93 13 74.2041 12.06848 106.588684 1.7349148
185 13 179.00081 97.682884 163.01683 1.4386287
226 13 113.46272 61.9649 190.92047 1.8450226
295 13 138.85767 31.055635 147.38672 1.4989171
304 13 183.4179 57.0779 107.74158 0.7046111
307 13 147.54527 132.80562 73.89463 1.4819933
313 13 2.4173515 7.6976132 39.44124 1.1700292
315 13 133.32767 4.7049375 194.50938 1.2204266
322 13 30.119333 93.504814 10.848571 -0.18912749
352 13 53.48702 185.69904 63.61139 1.9448845
356 13 201.68576 70.96796 85.97122 1.6746666
357 13 184.41946 63.922535 104.77134 1.2336873
374 13 133.72081 88.845634 69.80095 1.5187379
394 13 14.4461565 13.744627 127.16667 2.1171203
410 13 125.07267 196.35039 21.537878 1.701971
411 13 98.97279 156.69183 154.91586 1.6274946
421 13 84.9713 162.03673 7.6274967 1.1420537
423 13 81.13138 175.35226 53.827206 1.3103526
424 13 170.36417 110.01159 156.28305 1.294307
430 13 111.6038 151.21053 200.99455 1.7324587
440 13 81.74357 196.98787 143.33478 1.5476723
441 13 11.658892 104.462585 195.31894 1.4323398
459 13 166.5324 24.31711 39.276443 1.3316559
461 13 28.21402 38.61975 134.47029 1.6065056
463 13 23.11286 171.34653 121.05745 0.9046196
474 13 8.522057 8.61321 121.49223 0.501126
475 13 84.3047 17.186354 143.96803 1.5269945
479 13 14.540716 151.15607 111.572334 1.1412929
493 13 27.762102 68.66167 203.5503 1.5172195
501 13 155.19969 131.66653 15.490965 1.8179398
511 13 130.34595 64.00719 154.97525 1.1991702
514 13 170.05563 160.1516 68.32978 1.841289
516 13 57.434242 45.13736 3.5605397 1.7838867
519 13 168.39522 53.375874 24.152637 1.887522
525 13 39.343197 165.78377 53.01189 1.441068
526 13 161.79721 42.878567 158.73572 2.2553713
529 13 22.343122 176.37628 18.379099 1.3739202
540 13 67.01579 50.1234 154.57567 1.0204716
551 13 147.83202 55.89412 66.259346 1.7178644
558 13 198.52219 192.97087 101.674 1.9651912
561 13 17.519882 198.55559 56.75419 1.764428
564 13 131.75816 142.27544 53.571774 1.047006
565 13 73.62984 200.49117 77.78499 1.7415842
566 13 74.43299 99.219406 156.48843 2.029892
579 13 97.20792 106.521545 76.8441 1.4524667
580 13 20.561453 199.55788 57.260838 1.6670685
595 13 91.29621 148.54137 13.620656 1.6973331
600 13 126.34551 73.732 187.56741 1.67475
603 13 172.25572 53.33651 61.95313 1.5801076
608 13 203.0492 147.12753 157.2331 2.0923238
612 13 97.41601 183.83194 138.75108 -0.0590205
625 13 126.20412 36.853554 66.40402 1.4757338
630 13 80.85871 152.49498 194.54742 1.8781179
632 13 106.124084 193.97179 125.26788 1.1101675
637 13 128.96405 174.1356 73.907814 1.8640314
640 13 179.46399 62.812553 117.46894 1.7964317
641 13 123.203896 120.833626 198.4933 1.5046289
642 13 171.61322 108.30359 11.72205 0.78762877
644 13 137.96408 106.14084 23.277912 1.8508106
649 13 92.85688 179.65823 163.45987 1.1823142
652 13 120.52843 139.98203 194.58434 0.66790104
656 13 146.99423 84.526306 63.301014 -0.38248605
657 13 115.04002 26.061964 48.562416 0.9528755
661 13 119.92454 69.045235 193.29555 1.8258644
665 13 196.85161 102.0339 81.04667 1.6655655
674 13 47.90906 112.37428 174.65443 1.0457098
677 13 166.62274 39.850494 79.14746 1.2774882
679 13 134.75435 82.050415 103.51249 1.6573198
680 13 19.048586 171.58054 11.730094 1.2875665
683 13 66.21947 150.78445 87.357796 1.6366816
686 13 101.96685 123.612946 180.75323 1.4562362
691 13 77.734665 186.15706 135.53291 1.5352179
697 13 154.25375 66.344185 142.0284 1.6243844
698 13 90.20968 132.87465 43.52294 1.5722487
702 13 196.4702 62.471104 140.31035 1.8677762
703 13 17.705545 162.25519 202.98743 1.6761575
709 13 1.7647506 200.88124 31.098417 1.2881224
713 13 139.94643 30.103092 38.23162 1.8595093
718 13 64.74736 201.1236 74.86781 0.9792168
719 13 159.8342 38.492493 174.3318 2.0286503
721 13 147.32059 176.65846 138.87743 1.72931
722 13 66.45754 108.8638 60.100792 1.791008
726 13 105.01604 194.89272 140.90059 1.4796838
727 13 95.22453 144.22237 38.081306 1.8343208
728 13 17.917202 9.231105 102.17417 1.0479919
729 13 23.158684 178.37701 19.149443 1.7360654
730 13 15.3828335 74.729385 141.55197 1.5484844
731 13 50.627907 69.917816 202.47052 0.9851674
732 13 177.01913 3.7422214 8.29529 1.5333805
733 13 149.40422 85.250084 30.28954 1.8056365
738 13 151.96384 154.68564 17.296005 0.20186989
741 13 64.718025 92.99163 3.6125083 -0.48514074
743 13 24.795534 39.00945 138.60475 1.9387617
745 13 82.63521 34.968708 163.60509 1.7527945
748 13 141.31458 59.079258 70.19597 1.1858127
750 13 88.63917 199.25272 80.01049 1.9798663
751 13 150.95486 173.5873 68.13696 1.2537956
753 13 174.01102 170.2857 128.121 0.5803641
755 13 41.549805 21.244774 203.13443 1.8892918
756 13 104.96036 71.52353 29.654009 1.8205374
757 13 35.69052 155.48628 76.53453 1.9349674
758 13 86.159294 153.21942 62.96587 1.6440225
759 13 102.38796 52.84599 127.32046 1.7297106
760 13 77.84459 25.2884 12.8367 1.7433308
762 13 9.783669 96.96748 182.8954 1.8698815
763 13 145.17082 28.469763 34.23225 1.6605926
765 13 6.5314846 75.76853 129.51077 1.2651522
766 13 65.56408 29.837942 165.73686 1.7315596
767 13 50.300713 149.43498 58.5459 1.1724648
769 13 47.716446 185.6663 4.9028544 1.7601472
772 13 85.170456 192.30444 67.68802 1.1183441
773 13 165.8087 161.8077 60.94292 1.5749133
775 13 92.74524 192.64488 59.969315 1.8866568
776 13 140.74413 204.64381 3.0385673 1.2300125
777 13 160.85736 32.17706 88.40699 1.1581293
778 13 36.744915 142.67195 173.24355 1.3990355
779 13 102.213715 75.637146 117.38311 1.7529596
780 13 81.589424 183.34315 165.84398 1.7203504
781 13 77.05287 42.03263 163.00148 1.6911333
782 13 200.52158 78.4462 169.69997 0.9714525
787 13 45.652496 133.59245 112.335266 1.4383224
788 13 101.79858 119.60084 82.84851 1.4060125
789 13 169.36572 44.08754 150.57913 1.1545832
791 13 18.579718 65.009285 182.64964 1.6241002
792 13 130.1309 34.323067 36.80731 1.0901159
793 13 84.37929 17.051222 104.25254 1.3088329
795 13 147.9715 131.02948 170.14113 1.2863889
796 13 65.947 185.74184 52.450153 1.0031904
797 13 142.3231 138.7885 181.2283 2.1715543
798 13 28.526205 80.60449 169.14343 0.4190547
799 13 43.736412 191.06721 2.4266837 2.157214
801 13 161.79875 89.39856 10.12654 1.4365276
803 13 144.12915 61.869617 160.7005 1.620677
804 13 62.96007 175.51868 47.815067 1.7764628
805 13 56.4365 12.160721 69.64944 1.4081626
806 13 65.01678 130.90115 83.01755 1.5104976
807 13 60.72808 139.50276 109.46601 1.5697623
811 13 31.515116 89.71978 144.86542 1.1216096
812 13 60.511837 130.86911 77.227974 1.6053714
813 13 165.42317 102.91911 11.662172 1.2959878
814 13 67.86137 118.48225 69.579056 1.8344221
816 13 43.390472 134.35362 169.81671 1.6195536
817 13 93.13856 79.456436 35.271576 0.8325019
818 13 38.60409 83.3516 152.5954 1.1237525
819 13 69.524666 191.14275 104.53789 1.2233756
822 13 51.54072 142.36092 83.347755 1.3701128
823 13 17.299467 155.10226 149.82613 1.6581714
824 13 39.32987 43.90788 148.87074 1.6697007
825 13 174.58675 21.692083 132.71791 1.4001744
826 13 86.542114 96.61227 25.253172 1.8688424
827 13 12.86397 43.398365 40.99185 0.8774023
835 13 197.00046 124.78886 141.73282 1.3047317
836 13 71.46067 115.95999 4.524073 1.9434536
837 13 115.92552 164.03171 139.00394 1.4286734
839 13 33.064014 19.461067 131.93445 0.9995444
841 13 85.181465 24.37239 150.3826 1.4826722
842 13 189.60324 189.73323 65.60881 1.3815101
843 13 183.66632 133.99133 12.70546 1.9262496
844 13 51.074688 95.0326 43.918816 1.7642602
848 13 150.7459 126.81574 64.59135 1.1127472
854 13 88.71495 96.48708 37.148014 1.4578788
855 13 49.66852 106.87775 171.9661 1.4495646
856 13 34.172928 24.454226 144.37505 1.7979951
857 13 118.68845 129.21533 186.13814 1.7348319
860 13 9.947836 12.804029 172.36505 0.59497976
863 13 167.39326 125.51406 33.244022 1.5604709
864 13 26.748354 180.91417 41.58202 0.9365647
866 13 16.657303 124.96693 196.64555 0.9248828
868 13 81.05113 106.137115 101.744225 1.7978015
869 13 42.094658 48.23707 147.31607 0.4743153
870 13 28.805834 12.994847 140.21745 2.3867757
873 13 54.827858 201.88162 137.23892 1.4160751
875 13 105.191956 87.390884 76.85057 0.8240597
876 13 179.18297 61.3919 114.109985 1.576166
879 13 132.5254 61.513905 125.06955 1.1679623
882 13 30.89351 92.837326 14.127491 1.518938
883 13 85.1949 138.8286 178.4603 1.2846329
884 13 64.0673 125.265495 113.64694 1.1265925
885 13 155.53143 27.976456 94.955505 1.6519418
886 13 121.216385 35.841976 145.96921 1.5510496
889 13 179.60287 157.93793 49.7895 1.3125595
890 13 43.91813 129.7403 188.59631 1.0505755
891 13 13.662286 197.90044 175.68408 1.7445092
895 13 159.32559 188.23979 158.58975 0.9838294
896 13 116.72836 48.13694 76.655716 1.886659
897 13 50.74214 142.06569 7.0545287 0.2729664
898 13 126.088585 83.98032 7.4864597 1.4140325
899 13 183.40166 116.71402 11.666652 1.3651056
900 13 93.37845 17.389797 125.87877 0.98177344
901 13 172.48029 150.55426 165.04005 1.5884302
902 13 123.33807 160.84314 40.84695 1.5233153
904 13 185.95578 116.599335 21.015478 2.1953318
905 13 12.158388 177.91371 50.19329 1.6827271
906 13 1.1358765 78.28144 82.1088 1.7383223
908 13 83.06313 2.5139081 81.58935 0.920797
911 13 145.49983 188.36336 36.182247 1.443632
914 13 138.07246 52.437515 33.512768 1.4085212
916 13 16.49083 193.57419 133.3166 1.3006511
920 13 190.58395 161.79646 43.97098 1.5602884
922 13 37.806713 1.4167304 180.65417 1.8341762
924 13 120.2991 64.26328 154.26872 1.3348749
925 13 156.46857 100.71602 170.49536 1.400979
931 13 58.556324 45.475567 2.0301156 0.4989484
932 13 139.81723 41.78693 116.137825 2.1520228
933 13 183.60733 54.9557 95.4699 1.7645438
935 13 134.79486 81.45349 177.05807 1.7169586
937 13 108.51252 184.2339 26.67805 1.5841628
938 13 50.99624 48.52169 132.40825 1.3221099
939 13 61.202606 24.35382 66.3149 1.8221687
940 13 164.85881 128.68922 162.87453 0.8294815
942 13 111.11195 195.13489 111.27841 1.4816551
943 13 30.58838 27.201675 144.42397 1.2612383
945 13 199.56517 196.88869 103.12984 1.6849248
947 13 196.77922 79.54937 80.94395 1.633132
949 13 174.85107 169.70581 101.28729 1.195396
950 13 3.0786414 2.8856893 143.91325 1.4205493
953 13 101.59583 27.327106 13.626034 1.714006
954 13 37.263596 190.27927 23.860966 1.0500218
955 13 90.75441 77.35412 33.41706 1.6355461
960 13 75.24609 68.523506 51.266304 1.7013938
961 13 97.26629 27.343742 148.89473 1.3822979
962 13 32.53439 75.50072 145.28914 1.7117219
965 13 109.54135 150.3181 140.85887 1.8489405
968 13 136.52931 186.10887 122.64081 1.6433223
974 13 203.78934 42.20329 47.077232 1.9606124
986 13 83.81775 108.71671 90.42509 1.6089457
987 13 172.48761 55.77742 92.75313 1.0217078
989 13 91.447464 78.897804 35.228527 0.6746815
990 13 155.72212 164.63626 168.34598 1.4295927
991 13 21.178429 182.44473 52.86142 2.076267
1000 13 62.404915 178.19017 50.848763 1.2080938
1003 13 60.132454 18.841318 41.45633 1.3992534
1005 13 35.437866 85.588264 155.2723 1.6041538
1006 13 55.68626 11.732085 47.940575 0.90245795
1008 13 176.89432 168.30713 109.33876 1.7209595
1009 13 19.068033 14.16362 116.66667 2.3128252
1012 13 113.44985 152.95422 142.99771 1.7649844
1013 13 78.095795 72.76353 57.825333 1.9652784
1016 13 8.483713 113.51297 128.30861 0.56908363
1018 13 64.369545 189.71855 41.116028 0.9835184
1025 13 43.170914 83.492584 81.98265 0.93807805
1029 13 106.238625 182.32767 90.425255 1.8734692
1031 13 105.4012 23.854742 92.55231 1.783158
1039 13 147.58412 132.46771 157.2535 1.5322015
1040 13 106.16733 1.2062494 118.07007 1.9004145
1041 13 145.1501 94.33647 162.59041 0.6738144
1045 13 168.54172 52.545914 59.48928 2.1608253
1046 13 173.57071 29.215773 156.32521 1.4552011
1047 13 182.49817 115.518074 167.92572 1.4002421
1048 13 76.557014 156.00935 81.36099 2.1065478
1049 13 184.80765 32.188107 0.086985454 1.3522334
1051 13 100.07686 157.04106 153.71394 -0.023968903
1052 13 20.496479 119.33081 26.20176 1.2363929
1055 13 148.00221 31.334948 163.98886 1.915481
1066 13 189.03036 192.55333 84.288925 1.1789548
1084 13 27.673693 167.56339 60.36551 1.2147492
1095 13 145.06444 61.22605 132.17534 1.8507107
1097 13 24.864616 43.075493 178.71968 1.7714283
1100 13 55.123016 85.979744 152.61163 1.8006421
1105 13 23.085968 51.026577 188.72437 2.0596406
1110 13 14.869567 176.55965 14.310517 1.047002
1113 13 49.41663 53.019806 139.4595 1.4329126
1115 13 100.236755 60.516155 39.415302 1.3593134
1124 13 62.907837 139.3387 119.74129 1.3349714
1125 13 10.005951 203.482 5.4336147 1.2916414
1168 13 163.83006 33.737915 163.55777 0.6809599
1173 13 140.2001 51.21391 67.06349 1.0698388
1257 13 80.24927 56.87448 110.2112 1.173408
