93 13 74.25339 12.0164795 106.77538 1.6827436662633473
185 13 178.99066 97.66873 163.02057 1.7636863247339014
226 13 113.44025 62.18535 191.00528 1.726121657229719
295 13 138.8112 31.017136 147.23042 1.870893826675936
304 13 183.32478 57.176636 107.48614 0.8662762586918342
307 13 147.47983 132.65279 74.08421 1.093024925938502
313 13 2.38066 7.5760717 39.48816 1.3308046818516357
315 13 133.24564 4.760979 194.39386 1.6864763036165167
322 13 30.303476 93.226944 10.911667 1.7591375143089312
352 13 53.710903 185.59894 63.44691 1.7409362726001114
356 13 201.63797 71.11093 85.67433 0.7362023321635601
357 13 184.6948 63.878796 104.57244 2.0837403192677364
374 13 133.69655 88.88511 69.750786 1.716148997720972
394 13 14.347547 13.855476 127.080444 1.3722972088744296
410 13 124.898796 196.56113 21.729153 1.7308502761974107
411 13 98.78345 156.54512 155.10307 2.01695292207139
421 13 84.881516 161.97702 7.58087 2.0161726946070724
423 13 80.94954 175.46286 53.708775 1.624612915545382
424 13 170.20786 110.067764 156.37341 1.3913511303685653
430 13 111.64189 151.33936 200.82376 1.4229920887382332
440 13 81.71211 197.08678 143.50665 1.743468351559331
441 13 11.665152 104.431625 195.59721 0.35673439114013883
459 13 166.19424 24.432377 39.52232 0.291797424535195
461 13 28.28922 38.860527 134.56815 1.432041151190178
463 13 23.134375 171.68228 120.747665 1.843084220640556
474 13 8.3445215 8.693734 121.70441 0.04162198370752278
475 13 84.30704 17.242098 143.9858 1.4524075865690533
479 13 14.468059 151.26422 111.56699 1.8931000632599666
493 13 27.715725 68.69017 203.58789 1.4909222313550146
501 13 155.06595 131.92305 15.617114 1.209971755581895
511 13 130.16136 64.24549 154.86575 1.3912269775648136
514 13 169.78116 160.3006 68.29477 1.3365186076717062
516 13 57.4508 45.127346 3.6340477 1.6335428081635273
519 13 168.37221 53.335667 24.000708 1.3429303937101542
525 13 39.33276 165.62639 52.98 0.7153837134360633
526 13 161.89922 42.818348 159.01707 1.5780519592893383
529 13 22.4369 176.51067 18.669477 1.5084057084827736
540 13 66.92414 50.116085 154.59915 1.0495226509731646
551 13 147.84856 55.95537 66.1314 1.4390424405694024
558 13 198.53893 192.95326 101.664734 1.4491225716095357
561 13 17.688946 198.55408 56.39457 1.5196705366299967
564 13 131.8204 142.21039 53.503 0.9692633996709246
565 13 73.6191 200.79439 77.96227 1.41393911351976
566 13 74.38782 99.102036 156.3039 1.8340379833871343
579 13 97.28834 106.48272 76.68736 1.7220208953046965
580 13 20.126305 199.42374 57.27949 1.9632691185489615
595 13 91.08058 148.4481 13.607937 1.8916713215276038
600 13 126.58782 73.502716 187.30156 1.7611641166679444
603 13 172.57361 53.265335 61.848454 0.5298330299146141
608 13 202.98187 147.23102 157.14536 1.0550634389468208
612 13 97.44522 183.69347 138.33287 1.9282727064813752
625 13 126.24254 36.872566 65.9934 0.8565084399389793
630 13 80.825325 152.77937 194.61317 1.1794698374455956
632 13 105.94533 194.35677 125.30169 1.6524536286777551
637 13 129.14566 174.10118 73.65965 1.6495982491712424
640 13 179.21878 62.62359 117.57663 1.5656480643955877
641 13 123.21906 120.83009 198.42892 1.9753754824682475
642 13 171.99939 108.20257 11.811422 1.580092991282117
644 13 137.87376 106.36406 23.140474 0.9179961953561011
649 13 92.86412 179.70293 163.42041 2.1144755258740835
652 13 120.771904 140.13304 194.77995 0.9817151037622684
656 13 147.03783 84.81508 63.34525 2.1098038965923074
657 13 114.71731 25.789381 48.5439 1.4927339848694465
661 13 119.85164 68.93211 193.15176 1.0392826524602592
665 13 196.65848 101.99754 81.11643 0.7541410851332363
674 13 48.084015 112.074875 174.31438 1.420565619376433
677 13 166.44125 39.82366 78.95327 1.7593613747956354
679 13 134.74663 82.06575 103.518616 1.7204698466530646
680 13 19.064674 171.60541 11.752432 1.239732736388982
683 13 66.05172 151.05635 87.636604 0.9492605320738301
686 13 101.864586 123.58044 180.79333 1.298640028575061
691 13 77.43233 186.14955 135.57066 1.7739759575407525
697 13 153.90088 66.20397 141.98582 1.6374714309682523
698 13 89.97238 133.00368 43.691116 1.4839594370452867
702 13 196.37173 62.63307 140.37952 1.5240809965988926
703 13 17.582186 162.05823 203.04953 1.6706419440905755
709 13 1.8108191 200.81805 31.10255 1.8488118338974655
713 13 140.08533 30.14891 38.190746 1.7288002271962324
718 13 65.151245 201.03285 74.86429 1.723314379978429
719 13 159.68784 38.733166 174.38748 1.9423157119143037
721 13 147.49472 176.62683 138.78903 1.321048818702929
722 13 66.396164 109.00401 60.239918 1.8366402970794515
726 13 104.60029 195.06961 140.86325 1.3869881891993951
727 13 95.294586 144.2974 37.965897 1.2670212110978336
728 13 18.032328 9.510368 101.83807 1.9531160802236007
729 13 23.263865 178.2145 18.951885 1.376271098242867
730 13 15.242955 74.6061 141.73705 1.302985172614419
731 13 50.575863 69.9765 202.45695 1.2782825697633424
732 13 177.36848 3.933648 8.347767 1.4515216851781068
733 13 149.46692 85.28522 30.276064 1.8563261735313041
738 13 152.03647 154.69595 17.506939 1.9283119916946359
741 13 64.86763 93.08881 3.6918395 1.15475556985489
743 13 24.878906 39.161205 138.62941 1.8346425262309518
745 13 82.367744 35.151817 163.59703 0.9257241201317985
748 13 141.56267 58.85347 70.18499 1.4254749233572503
750 13 88.652405 199.54167 79.68223 1.6154836101405692
751 13 150.83665 173.6503 68.1765 1.6944345031256556
753 13 173.9045 170.05373 128.32109 1.5108820533933225
755 13 41.480804 21.364538 202.7058 1.2338938718319792
756 13 104.85626 71.44684 29.593092 1.4217342566204612
757 13 35.59935 155.6222 76.22584 2.140350075591045
758 13 86.12184 153.45566 62.57823 1.8211189263699716
759 13 102.58824 52.676003 127.49046 1.7260080090253667
760 13 77.785194 25.384815 12.793068 1.3369963234896753
762 13 9.781244 96.70827 182.81818 1.6624343088382314
763 13 145.235 28.59513 33.999836 1.2599295449910253
765 13 6.655629 75.70907 129.69817 0.7067556678248506
766 13 65.629105 29.699974 165.8341 1.7554179360501865
767 13 50.297905 149.47208 58.59679 1.512032979994892
769 13 47.586185 185.99028 4.915139 1.866427707801975
772 13 85.37169 192.34584 67.57747 1.6907237238014394
773 13 165.76123 161.70872 60.87555 1.9422578078574515
775 13 92.90662 192.67882 59.910988 2.1034225885433306
776 13 140.55164 204.22966 3.1348643 1.7579957150354364
777 13 160.44107 32.10552 88.39277 1.2350878513207124
778 13 36.634113 142.61107 173.45445 1.7537679525396563
779 13 102.26345 75.71875 117.322975 0.5923481928709942
780 13 81.60794 183.30421 165.79863 1.4381687802903966
781 13 76.98122 42.407494 162.89572 1.2123721451673215
782 13 200.08768 78.37519 169.77406 2.3588326732292737
787 13 45.27859 133.51422 112.59367 1.853986064620486
788 13 101.82451 119.69519 82.89367 1.3109171585246908
789 13 169.32892 43.845486 150.5049 1.4056698266267678
791 13 18.538174 65.06519 182.69572 1.4830084520618412
792 13 129.78215 34.252266 36.897 1.6065840359252028
793 13 84.66615 17.03252 104.441765 1.6886651136120956
795 13 147.97781 131.20403 169.85782 1.7328660306846557
796 13 65.74481 185.64407 52.515873 1.2145355813680443
797 13 142.31985 138.90216 181.37186 1.12189028464748
798 13 28.50911 80.57924 169.29335 1.4313981125218684
799 13 43.869156 190.98114 2.487327 1.4309081699982444
801 13 161.97707 89.05468 10.058034 1.5059338651751348
803 13 144.55583 62.11733 160.7787 1.3239135863817504
804 13 62.927147 175.25659 47.688545 1.2964555086739313
805 13 56.57538 11.926271 69.7791 1.50687500049522
806 13 65.00026 131.0085 83.02658 1.5570484621332494
807 13 60.714115 139.42433 109.52972 1.2520081283830415
811 13 31.489317 89.71591 144.81888 1.496820988516486
812 13 60.513824 131.116 77.00397 1.3657667818808576
813 13 165.4875 103.233925 12.023697 0.7553639604655908
814 13 67.784966 118.39758 69.34314 1.5498182110257621
816 13 42.925278 134.2934 169.78145 1.0768004431160485
817 13 93.059685 79.46318 35.21393 1.8277617321920199
818 13 38.636406 83.23246 152.5881 1.416476645424958
819 13 69.55938 191.13437 104.813515 1.4956934181935342
822 13 51.736507 142.61893 82.98747 1.7318985071527815
823 13 17.250841 154.95766 149.84009 1.6679484559925448
824 13 39.586285 43.866188 148.96626 1.8136712668969532
825 13 174.59578 21.660473 132.78424 1.7336916570395555
826 13 86.564384 96.607666 25.24999 1.735118775690119
827 13 12.418204 43.201885 40.89302 1.9379945594303472
835 13 196.93135 124.723274 141.70842 1.2673501454172094
836 13 71.48433 115.75361 4.679543 1.060764795439308
837 13 115.65579 163.86191 139.18413 1.840291021844266
839 13 33.076965 19.169983 131.7686 1.4392580755878939
841 13 85.23121 24.283005 150.38982 1.9852853458047224
842 13 189.59491 189.53607 65.71292 0.8904110496902633
843 13 183.80014 133.85187 12.91865 1.2202824097048128
844 13 51.227615 95.03296 44.02652 1.3896299101963563
848 13 150.71684 127.02341 64.31287 0.9712360749552924
854 13 88.69137 96.31265 37.32755 1.120545190554651
855 13 49.387497 107.09193 171.88968 2.1489918750211134
856 13 34.229687 24.458261 144.43123 1.1076032000446543
857 13 118.75823 129.62582 186.07674 1.4013542967351673
860 13 10.281816 12.7428255 172.4582 1.2285596854225322
863 13 167.40762 125.44449 33.648624 1.5339208740751797
864 13 26.65893 180.92123 41.795135 1.5811138294955451
866 13 16.726913 125.119064 196.72327 1.5166256056075873
868 13 81.31586 106.1692 101.6111 1.714568214578266
869 13 42.134224 48.280273 147.3563 1.2547828059942459
870 13 29.143572 13.219865 140.0734 1.435057709296383
873 13 54.85959 201.81041 137.43423 0.9397533230544457
875 13 105.282265 87.433556 76.85385 1.5716872491748872
876 13 179.34659 61.07433 113.99895 1.412024964530269
879 13 132.63861 61.57344 125.412605 1.890229076220518
882 13 30.916372 92.46726 14.156035 1.4307225924656706
883 13 85.041374 138.44614 178.43982 1.7555170413197239
884 13 63.978268 125.3322 113.54003 1.8961754815688652
885 13 155.69923 27.985771 94.53272 0.8870203273592425
886 13 121.19165 35.766567 145.94266 1.1748794875635113
889 13 179.95918 157.74205 49.527184 1.4884586165074878
890 13 44.064335 129.76721 188.49443 1.727967171676189
891 13 13.621226 197.87967 175.75124 1.6079848355970527
895 13 159.17316 188.46669 158.48798 1.2832356632254827
896 13 116.67551 47.947556 76.576 -0.1379902714792484
897 13 50.471348 141.90178 7.0619874 2.282966877667211
898 13 126.09682 83.83538 7.910165 1.666235188960479
899 13 183.24266 116.81698 11.545614 1.0221790452152217
900 13 93.491585 17.464073 125.71848 2.1871150936461103
901 13 172.55952 150.98091 165.19058 1.2427398997664547
902 13 123.703125 160.92358 40.730633 0.9716088992785472
904 13 185.96422 116.556465 21.075798 1.5058878535403224
905 13 12.083588 178.13673 50.28524 1.867524616154614
906 13 1.1576144 78.26373 82.18802 1.587116401531601
908 13 83.144325 2.8968515 81.6709 1.8086808811463078
911 13 145.78485 188.52547 36.44587 1.679175162158245
914 13 138.46265 52.48436 33.58815 1.7285480986187656
916 13 16.418116 193.70511 133.20332 1.5638170192415002
920 13 190.55199 161.46858 44.147327 0.672178785628883
922 13 37.76581 1.5478852 180.69667 1.8487161687634492
924 13 119.94923 64.36384 154.27956 0.607371482278967
925 13 156.29459 100.64407 170.19514 0.8387041373906633
931 13 58.501125 45.596973 1.9560469 0.6250191687057408
932 13 139.82037 41.733192 116.11964 0.930313236241709
933 13 183.74904 54.83812 95.40496 1.3474956888122795
935 13 134.85785 81.47743 176.99738 1.1638144475791241
937 13 108.5744 183.87222 26.569992 1.0846059117763676
938 13 50.835133 48.532063 132.39146 1.7620013112729143
939 13 60.987938 24.543362 65.97172 1.432150370457031
940 13 164.81898 128.77504 163.05602 1.4769323254459608
942 13 111.06112 195.00058 111.34105 1.738174978601645
943 13 30.559061 27.309198 144.39825 1.4292039065542528
945 13 199.59366 196.92354 103.106926 1.619689681179996
947 13 196.83282 79.52695 80.87734 1.2981717394480117
949 13 174.84093 169.60466 100.9429 1.6200066867129541
950 13 3.4122128 2.8479521 144.26566 1.7086328926625376
953 13 101.50401 27.164404 13.731835 2.073444233466342
954 13 37.266727 190.30206 23.873562 1.6735368297460573
955 13 90.88719 77.15649 33.398968 1.3157266811490962
960 13 75.241684 68.52077 51.11595 1.0217424478259172
961 13 97.395096 27.458824 148.74834 1.344015217922833
962 13 32.73036 75.42593 145.22179 1.7711844883256946
965 13 109.55966 150.38 140.83015 1.2946580623553623
968 13 136.50395 185.92215 122.75572 1.1968599565342741
974 13 203.8119 42.155945 47.091778 1.0524164693708709
986 13 84.10394 108.66119 90.299515 1.7958641773276525
987 13 172.4659 55.60719 92.639465 1.9970091515331003
989 13 91.54678 79.06361 34.88607 1.505708623115967
990 13 155.77426 164.85947 168.32059 0.788464024300602
991 13 21.211 182.13983 53.15993 1.797562151515792
1000 13 62.241787 178.50621 51.021576 1.6883722227370725
1003 13 59.829628 18.94296 41.600777 1.4894196984537875
1005 13 35.429478 85.7605 155.4155 1.1598935492175648
1006 13 55.818237 12.058174 47.91226 1.8941246684343063
1008 13 176.94757 168.26485 109.60009 1.074395236306796
1009 13 19.279736 14.169214 116.81072 1.7027741007405648
1012 13 113.423225 152.89523 142.95506 2.1707484202532
1013 13 78.00058 72.642296 57.8017 0.8826737007372851
1016 13 8.611847 113.299164 128.15347 0.7270893945916912
1018 13 64.26349 189.68492 40.957325 1.5046956266308738
1025 13 43.189007 83.51985 82.06683 1.711850380687505
1029 13 106.10586 182.36163 90.240265 1.8531931845033056
1031 13 105.500824 23.76417 92.462326 1.5675264290869075
1039 13 147.69559 132.7018 156.91748 2.047337052403751
1040 13 106.22073 1.2070214 118.072044 1.2278791805390716
1041 13 145.15791 94.33884 162.61058 1.5114300929996103
1045 13 168.47292 52.58742 59.620407 1.4447005489578386
1046 13 173.16544 29.211773 156.28647 1.0402415934144806
1047 13 182.51016 115.728745 167.89937 1.7483206228172516
1048 13 76.46466 156.11742 81.36678 1.462713542092566
1049 13 184.78397 32.31083 0.22586401 1.476458299431727
1051 13 99.96608 157.09946 153.71529 1.71473125022441
1052 13 20.487452 119.343575 26.198263 1.800641922110422
1055 13 148.02171 31.363724 163.98637 1.7906052936441428
1066 13 189.11316 192.5664 84.2372 1.046203634043709
1084 13 27.318842 167.83629 60.259098 1.4835181642848019
1095 13 144.8753 61.20062 132.34164 1.3927089662788492
1097 13 24.81714 43.06758 178.71054 0.9179271418052418
1100 13 55.25902 86.25758 152.75418 1.6080841141139794
1105 13 23.246231 50.990253 188.98436 1.5514041267779974
1110 13 14.831301 176.48941 14.350505 0.8236763095204738
1113 13 49.502674 53.000668 139.5047 1.6062314683428092
1115 13 100.36371 60.76017 39.35183 1.509390657498345
1124 13 62.939636 139.3279 119.55695 1.8234847290489904
1125 13 10.007931 203.31561 5.424291 1.9094685375875093
1168 13 163.91434 33.76324 163.7134 1.113303122862561
1173 13 140.19922 51.23022 67.09698 1.28624940567278
1257 13 80.45563 56.93653 110.34073 1.6239641479936533
