93 13 101.8217 119.68226 82.82845 0.14426488
93 13 169.48442 43.876965 150.49248 0.48932213
93 13 169.31105 43.822624 150.3812 0.08372712
93 13 169.39813 43.852238 150.60373 -0.30861196
93 13 169.33754 43.975002 150.37419 -1.0896428
93 13 169.42043 43.90412 150.4386 -0.22039832
93 13 169.27963 43.897484 150.3182 -1.0234119
93 13 90.91786 148.61024 13.432919 1.202072
93 13 91.31747 148.69405 13.465763 0.78751004
93 13 91.35509 148.69943 13.85902 0.49835056
93 13 91.289375 148.39098 13.633762 0.26745057
93 13 90.90165 148.67058 13.771709 0.564152
93 13 90.82146 148.57378 13.389057 0.53156817
93 13 90.97603 148.5529 13.313496 0.16342317
93 13 91.479805 148.41699 13.7071495 -1.2581702
93 13 125.93805 73.86938 187.22447 1.3526965
93 13 126.98547 73.63948 187.50278 1.0688344
93 13 125.911476 73.47858 187.4725 0.17959297
93 13 127.322266 73.53971 186.90001 -0.17405097
93 13 126.307785 74.069115 187.04767 -1.0661554
93 13 126.373726 73.89196 186.93936 -1.0296563
93 13 127.19628 73.48008 187.23068 -1.2453359
93 13 126.007576 73.71093 187.19466 -0.38142586
93 13 126.2188 73.79758 187.0282 -0.9979048
93 13 126.18572 73.716034 187.08722 -0.13586882
93 13 126.38632 73.899536 186.90573 -1.0931016
93 13 125.93695 73.835686 187.21875 0.22777219
93 13 125.95759 73.87915 187.20673 0.08780357
93 13 125.91987 73.86097 187.23608 -0.03076881
93 13 126.060555 73.63663 187.30447 -2.4591975
93 13 58.21392 18.960049 41.708115 0.85726935
93 13 58.33422 18.921104 42.084274 0.93658733
93 13 58.32801 18.278294 42.199432 0.7434566
93 13 58.588158 19.017948 41.904625 1.0675358
93 13 58.526283 19.083118 41.752403 0.98424834
93 13 58.899002 19.35252 41.7461 0.60518336
93 13 58.785988 19.403475 41.54772 0.7618638
93 13 58.206886 18.582981 41.995056 0.48516518
93 13 58.08355 20.154999 41.55906 0.57331604
93 13 58.242027 20.297626 41.57682 0.9257872
93 13 58.50567 19.19674 41.84217 0.7524904
93 13 58.700287 19.740337 41.576065 0.29284927
93 13 58.690346 19.613167 41.59114 0.29663464
93 13 58.217804 20.228806 41.69587 -0.3288292
93 13 58.23919 20.366798 41.696274 0.8430889
93 13 58.222443 19.85313 41.591774 -0.4402094
93 13 58.4197 18.58826 42.01693 -0.8793454
93 13 58.685303 19.176376 41.83522 0.095092915
93 13 58.278984 18.858332 41.821106 -0.660582
93 13 58.216125 18.290457 42.089905 -0.4393044
93 13 58.678513 19.690617 41.699196 -0.22611086
93 13 58.291466 20.068838 41.43833 -0.41011298
93 13 58.601974 18.978018 41.858467 0.08183868
93 13 58.49945 19.787296 41.583008 -0.75581723
93 13 58.54473 20.303936 41.74163 -1.2073109
93 13 58.952988 19.4511 41.755623 -1.2292076
93 13 58.605644 19.143158 41.764183 0.10229445
93 13 58.208954 20.35281 41.605026 0.7451879
93 13 58.512398 19.838942 41.598267 -0.25196168
93 13 58.53573 19.048601 41.943466 -0.5777041
93 13 58.721 19.771198 41.53779 -0.8324437
93 13 58.454376 20.071836 41.803696 -1.5528127
93 13 58.261658 18.394552 42.10193 -0.5706171
93 13 58.799393 19.355316 41.62828 -0.45607853
93 13 58.262856 18.440983 42.199394 -2.446096
93 13 58.696083 19.120224 41.830963 -0.7170312
93 13 58.201874 18.16566 42.252495 -2.232384
93 13 58.594734 19.596588 41.70405 -1.1625535
93 13 58.782265 19.349785 41.67331 -0.8747463
93 13 58.236893 20.33193 41.625786 -0.6072465
93 13 58.605904 19.143192 41.781616 -1.0325291
93 13 58.6604 19.371307 41.74208 -1.3041911
93 13 58.6084 19.187233 41.74504 -0.5095736
93 13 58.19433 18.865042 41.757835 -1.0542802
93 13 58.149498 20.123295 41.47632 -1.6692857
93 13 58.82775 19.14161 41.621017 -1.15036
93 13 131.87177 90.332214 69.668144 1.2410146
93 13 132.01611 90.30437 69.77503 1.2635614
93 13 132.08966 90.72236 69.91625 0.8276357
93 13 131.4075 89.89133 69.245705 0.4319556
93 13 131.94012 90.323616 69.80563 1.1512531
93 13 131.93909 90.47663 69.61621 -1.9389496
93 13 132.0238 90.29989 69.77101 0.8807515
93 13 131.83829 90.74019 69.56874 -1.8385308
93 13 132.03928 90.28819 69.7536 0.7086168
93 13 131.95767 90.26467 69.74409 -0.05521166
93 13 131.8703 90.27444 69.36514 -1.5482013
93 13 132.06079 90.30133 69.77171 0.036656562
93 13 132.02805 90.29001 69.74625 0.21118815
93 13 132.06525 90.385216 69.74962 -0.17007813
93 13 131.94461 90.28541 69.7749 -0.08685981
93 13 132.05801 90.292244 69.75122 -0.011300511
93 13 131.90707 90.2662 69.64378 -0.23529059
93 13 132.07538 90.305336 69.805016 -0.54146194
185 13 14.841448 176.50357 14.346766 0.23276146
185 13 17.314516 154.99802 149.81305 1.2120972
185 13 19.219585 14.326662 116.75451 0.17765479
185 13 95.19835 144.10275 37.82312 0.7516035
185 13 95.389114 144.6442 37.9386 -0.06997414
185 13 95.46979 144.47064 38.034424 0.16105518
185 13 53.85838 184.65067 63.251675 0.63326764
185 13 54.334667 185.8891 63.115597 -1.4033614
185 13 53.8663 184.87921 63.26092 -1.727613
185 13 54.533825 186.07603 63.379543 -0.35753077
185 13 54.450863 185.72217 63.55357 -0.7249314
185 13 54.32942 185.8404 63.086636 -0.7976846
185 13 54.186016 185.95358 63.18693 -0.5875146
185 13 54.168087 185.78687 63.574932 -1.625201
185 13 54.33102 185.69641 63.10557 -0.6090126
185 13 53.994793 184.85934 63.29228 -0.330385
185 13 53.875744 184.89539 63.26559 -0.19620998
185 13 53.826443 184.72598 63.231167 -0.14946891
185 13 53.818325 184.78033 63.23556 -1.0123701
185 13 168.13837 124.82818 33.11722 1.0225106
185 13 168.60855 125.00544 32.885014 1.4008036
185 13 168.14668 125.89762 32.719257 0.92221755
185 13 167.517 124.31618 33.657825 -1.3363943
185 13 168.42522 124.57844 32.90566 0.21171913
185 13 168.25607 125.84165 33.105747 -0.5976193
185 13 167.2679 124.19349 33.80164 -0.47641593
185 13 167.8428 124.31285 33.429447 -0.43360817
185 13 168.60419 125.25227 32.99474 -0.9382123
185 13 168.11969 124.83236 33.055576 -0.18566915
185 13 168.2609 124.85664 33.309574 -1.0031291
185 13 167.58806 124.45512 33.798756 -0.78467596
185 13 167.94017 124.33603 33.390766 -1.1951472
185 13 168.45743 124.51191 32.858128 -0.8250468
226 13 1.8272758 200.81381 31.109097 0.2129231
226 13 91.53103 79.08472 34.920692 1.0371659
226 13 91.5173 79.065834 34.871742 0.8400703
226 13 91.56716 79.06549 34.915398 0.55910003
226 13 20.619967 119.51761 26.50881 1.6214747
226 13 20.272974 119.52496 26.301092 -1.97684
226 13 20.623178 119.52147 26.489843 0.5291889
226 13 20.417269 119.457214 25.913961 -0.06529047
226 13 20.140512 119.35634 26.234854 -0.56993103
226 13 20.269175 119.41939 26.175772 -0.650188
226 13 20.62427 119.47896 26.545904 -0.52512246
226 13 20.509928 119.12312 26.113455 -1.3403739
226 13 27.241648 166.90178 59.990025 0.19227646
226 13 27.38943 168.14883 60.73316 0.6731007
226 13 27.383066 167.15616 60.0172 0.147131
226 13 27.44037 167.26205 60.026325 -0.5298961
226 13 27.784784 167.83966 60.84165 -0.7569907
226 13 27.783297 167.78128 61.091312 -0.39750323
226 13 27.725107 167.99478 61.026264 -0.44512022
226 13 27.239397 168.1553 60.839848 -0.95315963
226 13 165.51059 130.18515 164.16376 1.2513969
226 13 165.5556 130.56062 163.93265 1.3007703
226 13 165.40399 129.94724 163.79036 0.8796228
226 13 166.07898 129.77289 164.3454 1.0940324
226 13 165.77408 128.99574 164.21959 0.33509636
226 13 165.53406 129.36868 164.01256 0.92141074
226 13 165.5119 130.26068 164.1072 1.1054187
226 13 165.55354 129.07022 164.18134 0.3762395
226 13 166.1954 129.7561 164.18109 0.26800963
226 13 165.7204 129.22726 164.18352 -0.56587374
226 13 165.14633 129.34296 164.2146 -1.7409968
226 13 165.92258 129.97006 164.4121 -0.9558222
226 13 166.07327 129.81798 164.37482 0.57837296
226 13 166.0523 129.97313 164.16072 -0.6516874
226 13 166.11354 129.76257 164.15776 -0.200559
226 13 165.15546 129.3176 163.88753 -0.94132316
226 13 165.73447 129.3993 164.02312 -1.8542091
226 13 165.69006 128.95996 164.05634 -1.3128916
226 13 165.7876 129.67033 164.11572 -2.3343012
226 13 165.7243 130.22725 164.14853 -1.275838
226 13 165.54901 130.20056 164.14899 0.9019487
226 13 166.06659 129.7814 164.30098 0.70188415
226 13 165.63046 130.17531 164.09846 -0.5270896
226 13 165.54585 129.29707 163.95438 -1.7017374
226 13 165.55225 130.2261 164.1371 -0.09616351
226 13 165.5502 129.25488 164.16066 -0.5971538
226 13 165.61404 130.59956 163.79015 -1.2179128
226 13 165.68582 129.03737 164.18907 -1.5225239
226 13 166.0003 129.75777 164.21793 -1.5098029
226 13 166.08801 129.75659 164.40678 -0.8143095
226 13 165.74117 129.35776 164.0351 -1.2916293
226 13 16.35673 177.66432 15.702678 -0.9091486
226 13 15.650713 178.47575 15.154429 -0.2824136
226 13 16.490297 177.99872 16.037807 -1.2051591
226 13 16.471834 177.42145 15.96934 -0.91071355
226 13 15.657076 178.33876 15.238322 -0.37011957
226 13 16.15661 177.70439 15.573451 -1.2174219
226 13 16.2661 177.54605 15.764705 -2.2310846
295 13 31.467436 89.712296 144.79408 -1.8380854
295 13 31.457228 89.72825 144.7996 0.6719414
295 13 31.484877 89.72103 144.79123 -0.11339635
295 13 84.97333 161.98508 7.603987 0.93548834
295 13 71.61803 115.817444 4.524468 -0.35130048
295 13 71.53079 115.79211 4.835839 -0.94508594
295 13 113.311195 152.92802 143.31529 0.81591684
295 13 113.43923 152.92174 143.21796 0.904364
295 13 113.72285 152.78224 143.08075 -0.31251088
295 13 113.673775 153.15085 142.9836 -1.743507
295 13 113.41912 153.13843 142.67545 -1.1157479
295 13 113.32406 152.92531 143.30794 -2.3439753
295 13 113.28249 152.99878 143.27606 -1.2333802
295 13 113.35038 152.92288 143.26253 -0.2016956
295 13 113.36666 152.92049 143.24716 -0.016129546
295 13 123.790146 161.44025 40.11134 0.33827457
295 13 124.21648 160.72066 41.454052 -0.14043024
295 13 123.64494 161.18613 40.28262 0.18826562
295 13 123.90199 161.52594 40.078625 0.70736885
295 13 123.87637 161.30959 40.26521 0.5200382
295 13 123.86496 161.4806 39.939846 0.6653407
295 13 123.96797 160.58656 41.33209 -0.69464636
295 13 123.85945 160.52325 40.488323 -1.1116802
295 13 123.69086 161.56256 40.16711 -0.0055014263
295 13 123.359726 161.02805 41.203625 -1.4841828
295 13 123.69273 160.4797 41.514675 -1.0174704
295 13 123.71982 161.51509 40.01109 -2.248692
295 13 123.64662 161.49495 40.179165 -1.1454568
295 13 81.91867 196.49237 144.55962 -0.21699576
295 13 82.0047 197.67 142.74176 0.67596525
295 13 81.55417 196.77058 144.5818 -0.19491737
295 13 81.5551 196.62444 144.56133 -0.97930115
295 13 82.13553 195.91461 144.84406 -1.7652065
295 13 82.01109 196.66173 144.40685 -0.624241
295 13 81.975296 196.64201 144.45389 -0.063549526
295 13 81.79718 196.64081 144.4141 -1.8136921
295 13 82.055435 197.745 142.71266 -2.0090456
295 13 82.016785 196.688 144.45078 -1.0857227
304 13 119.83972 69.08885 193.17662 0.6330585
304 13 119.695694 69.05247 193.23824 -2.491145
304 13 8.221108 8.999589 121.90468 -0.193783
304 13 8.579156 8.754701 121.474976 -0.9276579
304 13 8.437631 8.594998 121.95985 -2.0958622
304 13 9.098923 112.532234 128.53671 0.8630874
304 13 8.588257 113.6145 127.32155 1.2079941
304 13 8.683517 112.8344 128.38509 -1.559329
304 13 8.631271 113.33361 127.42457 -1.6665678
304 13 9.131088 112.564606 128.47734 -0.83577293
304 13 8.595184 113.589355 127.33387 0.27762136
304 13 8.995819 112.65857 128.2928 -1.9868565
304 13 8.613815 113.707016 127.31175 -1.3273857
304 13 106.324265 193.56715 125.95788 1.1211745
304 13 106.51892 193.61102 125.76799 1.3741312
304 13 105.558014 194.68423 124.21849 -0.30007157
304 13 106.50357 193.64726 125.84369 0.41530654
304 13 106.52219 193.55392 125.96847 0.049853336
304 13 106.413086 193.39404 125.419914 -0.6872822
304 13 106.70621 193.40067 126.20896 -1.8371055
304 13 106.3828 193.35672 125.73256 -1.5585572
304 13 105.94458 194.72 124.333405 -0.52622837
304 13 106.683914 193.45016 125.88744 -1.8164123
304 13 105.84064 194.74355 124.23584 -1.6607682
304 13 106.44821 193.4458 125.744934 -1.6319451
304 13 106.272095 193.35187 125.55238 -2.3899138
304 13 106.4588 193.63268 125.76346 -0.19294909
307 13 19.265362 14.126841 116.74682 1.2937783
307 13 19.284145 14.203501 116.84962 0.3970397
307 13 19.222866 14.170496 116.83483 0.3154459
307 13 42.750397 134.2017 169.8068 0.17996241
307 13 42.962677 134.40744 169.95819 -1.055056
307 13 42.914368 134.38687 169.60782 -1.1273013
307 13 184.76503 63.556194 104.27026 0.543042
307 13 184.95497 64.20654 104.521736 -0.08188082
307 13 184.82239 63.68307 104.644066 -2.2319968
307 13 184.54695 63.896145 104.99236 -1.4796804
307 13 184.73041 63.66792 104.387184 -1.3156176
307 13 184.6326 63.66403 104.64001 -1.7336588
307 13 184.76024 64.03163 104.38286 -2.2627184
307 13 50.559483 141.13892 6.5482087 1.0868247
307 13 50.582096 142.09106 6.387381 1.5124186
307 13 50.24457 140.96634 6.8877244 0.32643986
307 13 50.721455 141.30875 6.595572 0.5953479
307 13 50.549305 141.13388 6.5367417 0.7182976
307 13 50.67043 142.49556 6.487921 -1.8369992
307 13 50.507893 141.34018 6.71028 -0.17773587
307 13 50.60529 142.0748 6.599913 -1.1532141
307 13 50.73296 142.04079 6.4184785 -0.746558
307 13 50.151432 141.05692 7.022101 -1.4351913
307 13 50.145084 141.01196 6.9584107 -1.3325086
307 13 50.656376 142.04265 6.419638 -0.26086947
307 13 50.715717 142.05786 6.3989854 -1.1725079
307 13 50.575687 142.09158 6.3831544 0.5883321
307 13 152.20088 153.53723 16.942974 1.2190223
307 13 152.11105 153.53574 16.730953 0.6707918
307 13 152.0549 153.61676 16.9175 0.8164685
307 13 151.93892 153.64777 17.08672 0.23058486
307 13 152.08899 153.83482 16.970188 0.5846876
307 13 152.0824 153.49258 16.667637 0.2229625
307 13 152.12756 153.6707 17.34454 -1.2208718
307 13 152.22511 153.49416 16.970783 -0.49515557
313 13 140.54904 204.18918 3.1433291 -0.23015204
313 13 140.57162 204.21376 3.1082835 0.08028446
313 13 22.47359 176.6322 18.622557 -0.7986769
313 13 180.07065 157.88068 49.391598 0.80087775
313 13 180.04588 157.51201 49.50324 0.72245604
313 13 180.08702 157.48872 49.728104 -0.042507686
313 13 180.13951 157.4616 49.33282 -1.153528
313 13 179.77763 158.10017 49.434753 -1.3061955
313 13 179.77148 158.15877 49.48459 -0.66786593
313 13 163.47552 34.331665 163.25323 0.8314067
313 13 164.3222 33.23488 163.9396 1.0579832
313 13 163.7085 34.1796 163.17676 1.1552975
313 13 163.96141 33.22162 164.07861 1.1428037
313 13 163.51103 34.24124 163.13553 0.7800313
313 13 163.4456 34.14384 162.95589 0.336105
313 13 163.41518 34.348793 163.5827 -0.5924478
313 13 163.65395 34.14658 163.3227 -0.9020573
313 13 163.88039 34.37967 163.18457 -0.83208144
313 13 163.58182 34.327614 162.98218 -1.2623233
313 13 164.05814 33.293247 163.95811 -0.74800485
313 13 163.4547 34.104065 163.16606 -0.9793443
313 13 163.39464 34.123734 163.07439 -0.9211545
313 13 163.60402 34.129845 163.13892 -0.6424153
313 13 163.70847 34.1961 163.18163 0.72466594
313 13 163.4631 34.343784 163.24771 0.07615633
313 13 163.48149 34.155872 162.99442 -0.007241637
313 13 163.6082 34.110878 163.21742 -1.7362305
313 13 164.33698 33.257 163.93848 -0.5842241
313 13 163.5417 34.19064 163.16916 -0.25993213
313 13 163.4681 34.171 163.01025 -0.28578055
313 13 164.001 33.198296 164.02444 -0.64188814
313 13 163.52986 34.192642 163.06384 -0.39335743
313 13 163.71382 34.189846 163.17424 -0.29543045
313 13 164.21295 33.12894 163.85037 -1.372794
313 13 163.42812 34.15719 163.09808 -1.2905104
313 13 163.46956 34.154675 163.13196 -0.838729
313 13 164.3546 33.241783 163.92384 -0.6320376
313 13 163.69153 34.20134 163.53442 -1.6943307
313 13 141.42075 139.41371 181.03404 0.32944942
313 13 141.85536 139.82361 181.10631 -1.5982516
315 13 17.626537 198.51746 56.38746 0.5691079
315 13 121.1476 35.648438 145.81851 0.6125525
315 13 121.142426 35.831955 145.82132 -0.6451226
315 13 121.27368 35.710526 146.05818 -1.3775916
315 13 2.3798513 7.536044 39.23195 0.6872908
315 13 2.2168875 7.926593 39.472916 0.079383
315 13 2.4244223 7.8517866 39.789093 0.2041386
315 13 2.616149 7.4580913 39.719513 -1.4125199
315 13 2.3696127 7.7646656 39.700012 -0.56567454
315 13 2.239379 7.8658967 39.662964 -0.591431
315 13 183.99083 54.169266 94.77465 1.5598432
315 13 183.67531 55.24542 95.707375 -0.32854146
315 13 183.93205 54.39425 94.83201 -0.059443302
315 13 183.89081 54.625717 94.965126 0.8239104
315 13 184.0028 54.167404 94.71981 0.4725752
315 13 183.5468 55.45289 96.13827 0.67338556
315 13 183.68109 55.25574 95.82873 -0.47793257
315 13 183.87833 54.738625 95.863365 -0.56290686
315 13 183.98672 54.197853 94.71732 0.5613954
315 13 183.18195 55.372787 95.3718 -2.0039237
315 13 183.99869 54.16077 94.75124 1.3704579
315 13 183.562 55.420166 96.02543 -0.9707302
315 13 183.98006 54.17483 94.77976 -0.6076142
315 13 183.68488 55.3119 95.331795 -1.5221286
315 13 183.70573 55.35269 95.54693 -1.3421466
315 13 169.95451 109.65453 155.48494 -0.6997578
315 13 170.10167 109.48651 155.5631 -0.88678575
315 13 170.02882 109.64298 155.34639 -0.9802778
315 13 170.02257 111.13131 157.21127 -2.1189284
315 13 170.48705 109.38852 155.67065 -0.17148714
322 13 136.85419 186.04785 122.989655 -1.0547786
322 13 136.95642 185.92038 122.783905 -0.9538408
322 13 136.55002 185.61378 123.05607 -1.4251897
322 13 136.31981 186.20001 122.69263 -0.43972886
322 13 85.299576 192.1814 68.10453 0.8481333
322 13 84.95507 192.4744 67.26955 0.20842257
322 13 86.17608 192.0954 67.46171 0.10755071
322 13 85.142494 191.9812 68.21796 -0.7870736
322 13 86.317795 192.18488 67.54065 -1.4112978
322 13 85.806046 192.40038 67.40221 -1.330527
322 13 85.949326 191.99515 67.33903 -1.5954096
322 13 85.267075 192.14566 68.079254 -0.28409386
322 13 86.18291 192.06989 67.491455 -1.2935418
322 13 152.42567 126.64304 64.16454 -0.21592289
322 13 152.33238 126.56777 64.32887 1.4616919
322 13 151.93933 126.88662 64.16751 0.9901497
322 13 152.5257 126.545845 64.41023 0.53543085
322 13 152.4408 126.52217 64.20477 0.9745307
322 13 152.73175 127.05099 64.69491 0.1858686
322 13 152.4672 126.89654 64.51648 -0.2507489
322 13 152.24535 126.97611 64.20538 -1.1903261
322 13 152.54987 126.63834 63.9652 -0.62180823
322 13 152.2653 126.500175 64.2131 -1.2930689
322 13 152.5893 126.653625 64.08475 -1.6531425
322 13 152.47137 126.49729 64.565704 -1.0561297
322 13 152.4219 126.865204 64.025116 -2.0233305
352 13 150.74266 127.01935 64.27933 0.15388744
352 13 124.8129 196.54533 21.69693 0.3847175
352 13 124.88668 196.53857 21.668827 1.4080074
352 13 124.854225 196.54439 21.786453 0.33752456
352 13 124.9713 196.57455 21.756054 0.038468063
352 13 124.92934 196.55135 21.684692 0.1686322
352 13 124.87959 196.53612 21.6847 0.25165996
352 13 124.90508 196.53844 21.66695 -0.23079239
352 13 25.03693 39.15025 138.67688 1.1349287
352 13 24.809856 39.20805 138.80994 0.023061112
352 13 24.813137 39.20753 138.71194 -0.19046615
352 13 24.772102 39.24574 138.75053 -0.7261074
352 13 50.726105 48.24602 132.46689 1.1787006
352 13 50.657654 48.693043 132.56085 1.2726871
352 13 50.81062 48.696903 132.1966 0.13703075
352 13 51.17176 48.593845 132.30913 -2.0126548
352 13 50.611248 48.63216 132.55594 -0.67864937
352 13 148.23965 56.47466 66.71521 0.115727
352 13 148.02016 56.243687 66.552315 0.994254
352 13 147.38596 56.01392 66.85982 0.057090003
352 13 147.50067 55.969227 66.4492 -0.23539993
352 13 147.90317 56.204624 66.86832 -0.4059512
352 13 147.51373 56.199574 66.998 -1.3170998
352 13 148.29614 56.240406 66.56037 -0.5842087
352 13 147.99646 56.312428 66.51467 0.74196833
352 13 147.9797 56.294926 66.5658 0.51219475
352 13 147.94917 56.16895 67.08176 -2.134959
352 13 147.99011 56.22202 66.59573 0.34211797
352 13 147.55989 56.248814 66.98897 -1.4881704
352 13 147.36124 56.004917 66.91298 -1.4158251
352 13 148.0241 56.295002 66.492386 -0.15789588
352 13 148.01218 56.301517 66.52351 -0.21627478
352 13 148.0448 56.18369 66.586044 -0.5162901
352 13 147.95476 56.328815 66.57669 -1.9252007
352 13 91.97702 79.86001 35.82313 1.4892836
352 13 92.27527 79.75649 35.634937 -0.059281766
352 13 92.01262 79.88099 35.762302 0.91701514
352 13 91.38648 79.638374 35.894855 -1.5298698
352 13 91.74936 79.55149 35.860767 -2.2099645
352 13 91.93338 79.85833 35.815525 -0.22013591
352 13 92.0109 79.87493 35.82548 -0.2801157
356 13 20.116356 199.4365 57.280773 0.87082106
356 13 85.23527 24.309113 150.40547 0.5536902
356 13 85.209984 24.29863 150.35852 0.08698269
356 13 39.515285 43.82721 148.95169 0.06812646
356 13 125.966446 83.76287 7.8635874 1.3330375
356 13 105.47885 23.65706 92.71609 0.9741545
356 13 105.732544 23.83806 92.5544 0.21143633
356 13 105.71213 23.681559 92.05869 -1.3649856
356 13 105.36919 23.5731 92.70026 -1.0429628
356 13 105.517166 23.595026 92.7903 -0.21881612
356 13 105.62813 23.658243 92.32111 -0.34242848
356 13 105.548615 23.621195 92.75922 -0.95821345
356 13 39.979015 165.90823 53.17097 0.55075127
356 13 40.097942 165.9671 53.25366 1.2321614
356 13 40.171856 165.75816 52.876995 0.91462076
356 13 39.72891 165.83557 53.233013 0.29873517
356 13 40.12576 165.93338 52.81725 0.29282022
356 13 40.12968 166.08417 53.370853 -0.1410028
356 13 39.909588 166.41162 53.194126 -0.48593378
356 13 40.122158 165.97162 53.235607 0.0009012421
356 13 39.96533 165.93631 53.22138 0.17676757
356 13 40.09521 166.0993 53.36916 -0.8663197
356 13 39.92506 165.93115 53.218212 -0.50225586
356 13 56.524567 12.661819 48.493908 -1.0532213
357 13 169.74884 160.159 68.35795 0.60682917
357 13 169.77667 160.23634 68.11543 0.29403973
357 13 169.893 160.35098 68.38063 0.5769148
357 13 169.77194 160.11469 68.3276 -0.40056252
357 13 102.025986 119.782455 82.68373 0.5527828
357 13 102.113556 119.85487 82.99434 0.11767381
357 13 102.12326 119.75113 82.66966 0.0017104853
357 13 102.02103 119.7843 82.9711 -0.77876955
357 13 102.05405 119.66859 82.55119 -0.73093766
357 13 101.73886 119.44751 82.94919 -2.3146973
357 13 101.51485 119.71954 83.10825 -1.5421759
357 13 101.54918 119.73893 83.09257 -0.9544679
357 13 61.14835 139.71223 109.151985 0.32358253
357 13 61.056248 139.8454 108.773895 0.09072525
357 13 60.740116 139.15817 109.12742 -0.4442011
357 13 60.296177 139.41602 109.776146 -0.699157
357 13 60.999836 139.83429 108.88258 -0.7710825
357 13 61.00205 139.73616 108.62674 -0.39924496
357 13 61.48583 139.64299 109.205605 -0.28150657
357 13 61.18099 139.815 109.10747 -0.32641804
357 13 61.073154 140.05206 109.23074 -1.7303114
357 13 19.580559 172.10939 10.808622 0.47359395
357 13 19.971962 171.97513 10.916685 0.7983855
357 13 19.611671 172.09328 10.768332 -0.5974846
357 13 19.891457 172.04175 11.119848 -1.7252234
357 13 19.593437 172.25143 10.872061 -2.1245923
357 13 19.59098 172.43263 10.459875 -2.3044372
357 13 19.61811 172.145 10.848753 -0.05704157
357 13 19.546425 172.13693 10.889288 -0.9088092
357 13 19.616615 172.15468 10.840002 -0.43113124
357 13 19.61547 172.28082 10.927732 -1.3562529
374 13 17.598543 162.02954 203.05338 1.0542898
374 13 169.33238 43.861683 150.42726 0.34028953
374 13 169.35547 43.80116 150.54523 0.36882362
374 13 169.35318 43.80601 150.55505 0.10659048
374 13 153.9827 66.26455 142.04123 -0.24064972
374 13 62.809242 175.43561 47.91356 0.70384204
374 13 62.844 175.42563 47.47075 0.71710616
374 13 62.860176 175.48972 47.321716 0.5640816
374 13 63.09133 175.05641 47.669456 0.0002330665
374 13 63.25846 175.29291 47.83732 -2.046151
374 13 62.828224 175.06567 47.76217 -0.4420395
374 13 200.29294 196.37018 103.231346 0.4292487
374 13 200.33264 196.44737 103.26143 0.20171264
374 13 199.10735 196.67485 103.5429 -0.13151574
374 13 200.32417 196.69217 102.84532 -0.3810147
374 13 200.35045 196.48366 103.2635 0.70670605
374 13 199.16167 196.70087 103.638695 -1.2566481
374 13 199.05219 196.78413 103.36756 -1.6162653
374 13 199.34575 197.172 103.55054 -1.1348304
374 13 199.96559 196.36911 103.312706 -1.1817789
374 13 199.96521 196.47534 103.11343 -1.588699
374 13 199.96103 196.33939 103.28473 -1.4111817
374 13 200.32361 196.42523 103.24081 -0.25052974
374 13 169.10275 52.578114 24.346571 -0.30374914
374 13 169.42686 53.0825 24.178381 -1.370367
394 13 113.45009 152.91553 142.95276 1.9043282
394 13 113.39979 152.87926 142.96251 0.63498193
394 13 165.7088 161.78207 60.87886 -0.47012067
394 13 14.550487 151.34093 111.47562 0.8684312
394 13 14.562026 151.18906 111.40354 -0.788905
394 13 14.497874 151.3733 111.53386 -0.7654164
394 13 14.49723 151.12772 111.66155 -0.3484575
394 13 14.371413 151.3504 111.57597 -0.44669217
394 13 14.595557 151.16183 111.58426 -0.43671107
394 13 14.619879 151.13525 111.63549 -0.7198148
394 13 14.5666685 151.15337 111.65322 -0.83117974
394 13 100.2139 60.930344 39.740982 1.2699635
394 13 100.22519 60.861904 39.776 0.6515992
394 13 100.27226 60.704926 39.011894 0.6376617
394 13 100.31093 60.686172 38.98017 -1.1804549
394 13 100.341095 60.569984 39.02777 -1.3025763
394 13 100.265526 60.788074 39.731895 -0.83813024
394 13 100.25583 60.805275 39.712585 -0.48005706
394 13 166.72266 40.461758 79.38135 1.3623849
394 13 165.93034 39.88997 79.68254 0.96476096
394 13 166.71129 40.44262 79.560326 1.124086
394 13 166.37822 39.343914 78.49447 0.26883474
394 13 166.45058 39.55277 78.4372 0.2834245
394 13 166.68309 40.58056 79.51721 0.76566124
394 13 166.17575 39.40585 78.45266 0.26548582
394 13 166.24966 40.004196 79.355995 0.93587077
394 13 166.71841 40.485676 79.40206 1.3975805
394 13 166.04305 39.641254 78.711395 -1.0448567
394 13 166.90353 40.14679 79.42015 -1.1882286
394 13 166.38606 39.54822 78.46861 -0.90970844
394 13 166.64737 40.639942 79.4262 -1.9168831
394 13 166.18488 40.04104 79.45213 0.0702178
394 13 166.26973 39.983315 79.40626 0.41388077
394 13 166.36525 39.883503 79.444565 0.33659405
394 13 166.70877 40.525703 79.38378 -0.3153628
394 13 166.37271 39.57455 78.548676 -0.748883
394 13 166.4099 39.54812 78.531364 -1.3376306
394 13 146.55734 189.2572 36.740135 0.56901944
394 13 146.39355 189.32172 36.59237 -0.0054617636
394 13 146.10301 189.16745 37.19317 -0.20425284
394 13 145.98988 189.54327 37.012085 -0.6075916
394 13 146.54964 189.22862 36.7239 -0.95328724
