93 13 74.25339 12.0164795 106.77538 1.7370141143936852
185 13 178.99066 97.66873 163.02057 1.7646203026056124
226 13 113.44025 62.18535 191.00528 1.735244429276427
295 13 138.8112 31.017136 147.23042 1.8718679028963752
304 13 183.32478 57.176636 107.48614 1.1490658377411367
307 13 147.47983 132.65279 74.08421 1.093024925938502
313 13 2.38066 7.5760717 39.48816 1.9307629498553887
315 13 133.24564 4.760979 194.39386 1.6864763036165167
322 13 30.303476 93.226944 10.911667 1.7612974746551309
352 13 53.710903 185.59894 63.44691 1.7969468822746948
356 13 201.63797 71.11093 85.67433 0.738788013661922
357 13 184.6948 63.878796 104.57244 2.096799404127083
374 13 133.69655 88.88511 69.750786 2.1451005034487483
394 13 14.347547 13.855476 127.080444 1.4845743746721132
410 13 124.898796 196.56113 21.729153 1.7338840664221777
411 13 98.78345 156.54512 155.10307 2.0450122602941505
421 13 84.881516 161.97702 7.58087 2.0341878464708802
423 13 80.94954 175.46286 53.708775 1.6597481425869953
424 13 170.20786 110.067764 156.37341 1.4563928698942952
430 13 111.64189 151.33936 200.82376 1.4229920887382332
440 13 81.71211 197.08678 143.50665 1.8553844067125422
441 13 11.665152 104.431625 195.59721 0.35673439114013883
459 13 166.19424 24.432377 39.52232 0.7020965168401606
461 13 28.28922 38.860527 134.56815 1.7192513117571613
463 13 23.134375 171.68228 120.747665 1.9009082763355742
474 13 8.3445215 8.693734 121.70441 1.0139710646977065
475 13 84.30704 17.242098 143.9858 1.4526215422178337
479 13 14.468059 151.26422 111.56699 1.8964467453917904
493 13 27.715725 68.69017 203.58789 1.6145123343713703
501 13 155.06595 131.92305 15.617114 1.209971755581895
511 13 130.16136 64.24549 154.86575 1.4663408127974717
514 13 169.78116 160.3006 68.29477 1.6347732365382408
516 13 57.4508 45.127346 3.6340477 1.634669140934067
519 13 168.37221 53.335667 24.000708 1.3538749656034832
525 13 39.33276 165.62639 52.98 1.6231017917591954
526 13 161.89922 42.818348 159.01707 1.6977149647602394
529 13 22.4369 176.51067 18.669477 1.6287640808617916
540 13 66.92414 50.116085 154.59915 1.0503493346623896
551 13 147.84856 55.95537 66.1314 1.7256353678271632
558 13 198.53893 192.95326 101.664734 1.7796836077513531
561 13 17.688946 198.55408 56.39457 1.8431566394915524
564 13 131.8204 142.21039 53.503 1.8266022099067378
565 13 73.6191 200.79439 77.96227 1.4465737752161976
566 13 74.38782 99.102036 156.3039 1.835202600520531
579 13 97.28834 106.48272 76.68736 2.151499202694413
580 13 20.126305 199.42374 57.27949 1.9819392178460373
595 13 91.08058 148.4481 13.607937 1.8941127863627727
600 13 126.58782 73.502716 187.30156 1.943592953745048
603 13 172.57361 53.265335 61.848454 0.5322837346213687
608 13 202.98187 147.23102 157.14536 1.0797605886619204
612 13 97.44522 183.69347 138.33287 1.967443615111008
625 13 126.24254 36.872566 65.9934 0.8677174440922486
630 13 80.825325 152.77937 194.61317 1.2479828554715982
632 13 105.94533 194.35677 125.30169 2.061262035883858
637 13 129.14566 174.10118 73.65965 1.933647214585525
640 13 179.21878 62.62359 117.57663 1.665933560790708
641 13 123.21906 120.83009 198.42892 2.0095798862281997
642 13 171.99939 108.20257 11.811422 1.737408812777929
644 13 137.87376 106.36406 23.140474 1.757737689070692
649 13 92.86412 179.70293 163.42041 2.13757275366381
652 13 120.771904 140.13304 194.77995 1.2164737210069279
656 13 147.03783 84.81508 63.34525 2.116796622180009
657 13 114.71731 25.789381 48.5439 1.50402314953292
661 13 119.85164 68.93211 193.15176 1.0392826524602592
665 13 196.65848 101.99754 81.11643 0.7541410851332363
674 13 48.084015 112.074875 174.31438 1.4256611935595072
677 13 166.44125 39.82366 78.95327 2.164981118911344
679 13 134.74663 82.06575 103.518616 1.835369414618353
680 13 19.064674 171.60541 11.752432 1.4550501128860496
683 13 66.05172 151.05635 87.636604 0.950141341849239
686 13 101.864586 123.58044 180.79333 1.3883925228698715
691 13 77.43233 186.14955 135.57066 1.7740749854885083
697 13 153.90088 66.20397 141.98582 1.6522035432201747
698 13 89.97238 133.00368 43.691116 1.5223913165648655
702 13 196.37173 62.63307 140.37952 1.541933403335291
703 13 17.582186 162.05823 203.04953 1.7447016678017016
709 13 1.8108191 200.81805 31.10255 1.8605077259078162
713 13 140.08533 30.14891 38.190746 1.7689444921816109
718 13 65.151245 201.03285 74.86429 1.8613162610275742
719 13 159.68784 38.733166 174.38748 2.1791526318781056
721 13 147.49472 176.62683 138.78903 1.5885617502554077
722 13 66.396164 109.00401 60.239918 1.9360072692101344
726 13 104.60029 195.06961 140.86325 1.394771094478099
727 13 95.294586 144.2974 37.965897 1.6232062140103738
728 13 18.032328 9.510368 101.83807 1.9567914942864417
729 13 23.263865 178.2145 18.951885 1.4906039705104905
730 13 15.242955 74.6061 141.73705 1.340144587869248
731 13 50.575863 69.9765 202.45695 1.2976688352977668
732 13 177.36848 3.933648 8.347767 1.460281140451872
733 13 149.46692 85.28522 30.276064 1.893631550731596
738 13 152.03647 154.69595 17.506939 2.299638850046788
741 13 64.86763 93.08881 3.6918395 1.1612101788356644
743 13 24.878906 39.161205 138.62941 1.9182172417723033
745 13 82.367744 35.151817 163.59703 0.9818082811648348
748 13 141.56267 58.85347 70.18499 1.532627858191038
750 13 88.652405 199.54167 79.68223 1.7059335881777598
751 13 150.83665 173.6503 68.1765 1.7228068079550738
753 13 173.9045 170.05373 128.32109 1.7817866574672547
755 13 41.480804 21.364538 202.7058 1.4037000906800405
756 13 104.85626 71.44684 29.593092 1.4288658016044764
757 13 35.59935 155.6222 76.22584 2.1825374129448565
758 13 86.12184 153.45566 62.57823 1.854502014095923
759 13 102.58824 52.676003 127.49046 1.8603117354460994
760 13 77.785194 25.384815 12.793068 1.534623597754553
762 13 9.781244 96.70827 182.81818 1.7838004443388342
763 13 145.235 28.59513 33.999836 1.5205121536356465
765 13 6.655629 75.70907 129.69817 0.756002744405661
766 13 65.629105 29.699974 165.8341 1.7569284722576402
767 13 50.297905 149.47208 58.59679 1.515040197571901
769 13 47.586185 185.99028 4.915139 1.8694179428967443
772 13 85.37169 192.34584 67.57747 1.776728805131865
773 13 165.76123 161.70872 60.87555 1.9458255914333018
775 13 92.90662 192.67882 59.910988 2.115230832070568
776 13 140.55164 204.22966 3.1348643 1.7865754163799823
777 13 160.44107 32.10552 88.39277 1.3694183331701646
778 13 36.634113 142.61107 173.45445 1.7594749653569983
779 13 102.26345 75.71875 117.322975 0.5953710746057677
780 13 81.60794 183.30421 165.79863 1.452024167548543
781 13 76.98122 42.407494 162.89572 1.2707354978739085
782 13 200.08768 78.37519 169.77406 2.3635530688459303
787 13 45.27859 133.51422 112.59367 1.877573579285895
788 13 101.82451 119.69519 82.89367 1.3109171585246908
789 13 169.32892 43.845486 150.5049 1.648315897887198
791 13 18.538174 65.06519 182.69572 1.7676011719478297
792 13 129.78215 34.252266 36.897 1.7100092281302703
793 13 84.66615 17.03252 104.441765 1.7541202424094189
795 13 147.97781 131.20403 169.85782 1.8789721932311705
796 13 65.74481 185.64407 52.515873 1.7345547624959554
797 13 142.31985 138.90216 181.37186 1.2000715074600288
798 13 28.50911 80.57924 169.29335 1.4345438622543185
799 13 43.869156 190.98114 2.487327 1.5554907697718365
801 13 161.97707 89.05468 10.058034 1.5157579366080474
803 13 144.55583 62.11733 160.7787 1.5276197368996283
804 13 62.927147 175.25659 47.688545 1.4370570865731072
805 13 56.57538 11.926271 69.7791 1.7291661106237137
806 13 65.00026 131.0085 83.02658 1.7634407716707976
807 13 60.714115 139.42433 109.52972 1.3576594319889563
811 13 31.489317 89.71591 144.81888 1.6590439703934086
812 13 60.513824 131.116 77.00397 1.3868773018293261
813 13 165.4875 103.233925 12.023697 1.6184261816008134
814 13 67.784966 118.39758 69.34314 1.78702392975219
816 13 42.925278 134.2934 169.78145 1.5714060826966008
817 13 93.059685 79.46318 35.21393 1.8618778031571759
818 13 38.636406 83.23246 152.5881 1.4169967092477245
819 13 69.55938 191.13437 104.813515 1.553988309901996
822 13 51.736507 142.61893 82.98747 1.920764619498355
823 13 17.250841 154.95766 149.84009 1.9673947832677823
824 13 39.586285 43.866188 148.96626 1.8150947031557085
825 13 174.59578 21.660473 132.78424 1.7994526340140222
826 13 86.564384 96.607666 25.24999 1.9130507482421926
827 13 12.418204 43.201885 40.89302 2.0067656740525948
835 13 196.93135 124.723274 141.70842 1.828358098648564
836 13 71.48433 115.75361 4.679543 1.1203131573042284
837 13 115.65579 163.86191 139.18413 1.8627114672157576
839 13 33.076965 19.169983 131.7686 1.5830139529005551
841 13 85.23121 24.283005 150.38982 1.9977945068348943
842 13 189.59491 189.53607 65.71292 1.371158442698759
843 13 183.80014 133.85187 12.91865 1.424314050225271
844 13 51.227615 95.03296 44.02652 1.439111884521913
848 13 150.71684 127.02341 64.31287 1.850329305761146
854 13 88.69137 96.31265 37.32755 1.3740071521577233
855 13 49.387497 107.09193 171.88968 2.2226675671649976
856 13 34.229687 24.458261 144.43123 1.6735608979494985
857 13 118.75823 129.62582 186.07674 1.4075440283854754
860 13 10.281816 12.7428255 172.4582 1.2819945701383806
863 13 167.40762 125.44449 33.648624 2.0009240683090908
864 13 26.65893 180.92123 41.795135 1.668020287057166
866 13 16.726913 125.119064 196.72327 1.542085401300597
868 13 81.31586 106.1692 101.6111 1.8441788290149916
869 13 42.134224 48.280273 147.3563 1.257948712315129
870 13 29.143572 13.219865 140.0734 1.435057709296383
873 13 54.85959 201.81041 137.43423 0.9474483628140634
875 13 105.282265 87.433556 76.85385 1.6152496644978998
876 13 179.34659 61.07433 113.99895 1.4759357883520703
879 13 132.63861 61.57344 125.412605 1.890229076220518
882 13 30.916372 92.46726 14.156035 1.4307225924656706
883 13 85.041374 138.44614 178.43982 1.7783790822108927
884 13 63.978268 125.3322 113.54003 1.9874160829398932
885 13 155.69923 27.985771 94.53272 1.0060221927604902
886 13 121.19165 35.766567 145.94266 1.2980255369606826
889 13 179.95918 157.74205 49.527184 1.7912104660016475
890 13 44.064335 129.76721 188.49443 1.9079739574629828
891 13 13.621226 197.87967 175.75124 1.8051790341288616
895 13 159.17316 188.46669 158.48798 2.2215153495674738
896 13 116.67551 47.947556 76.576 -0.12475381211240445
897 13 50.471348 141.90178 7.0619874 2.40379756462508
898 13 126.09682 83.83538 7.910165 1.687511806398767
899 13 183.24266 116.81698 11.545614 1.362553070527665
900 13 93.491585 17.464073 125.71848 2.1881519281498836
901 13 172.55952 150.98091 165.19058 1.3950935115132501
902 13 123.703125 160.92358 40.730633 1.4509377760247761
904 13 185.96422 116.556465 21.075798 1.5470706212198833
905 13 12.083588 178.13673 50.28524 1.9076281603291172
906 13 1.1576144 78.26373 82.18802 1.591400850052616
908 13 83.144325 2.8968515 81.6709 1.9483739967606242
911 13 145.78485 188.52547 36.44587 1.7413748286896857
914 13 138.46265 52.48436 33.58815 1.765606757137213
916 13 16.418116 193.70511 133.20332 1.6320563571443159
920 13 190.55199 161.46858 44.147327 0.8999289001159944
922 13 37.76581 1.5478852 180.69667 1.8487161687634492
924 13 119.94923 64.36384 154.27956 0.9435353275662433
925 13 156.29459 100.64407 170.19514 1.2342670612187552
931 13 58.501125 45.596973 1.9560469 0.7234950685941416
932 13 139.82037 41.733192 116.11964 0.9322898701942248
933 13 183.74904 54.83812 95.40496 2.0095501575353776
935 13 134.85785 81.47743 176.99738 1.353708846793148
937 13 108.5744 183.87222 26.569992 1.3865436023599411
938 13 50.835133 48.532063 132.39146 1.9901896786674282
939 13 60.987938 24.543362 65.97172 1.436867769850805
940 13 164.81898 128.77504 163.05602 2.1312482808243294
942 13 111.06112 195.00058 111.34105 1.8063756278258116
943 13 30.559061 27.309198 144.39825 1.4520174097446463
945 13 199.59366 196.92354 103.106926 1.724477467658397
947 13 196.83282 79.52695 80.87734 1.3483233777374422
949 13 174.84093 169.60466 100.9429 1.7462150305579582
950 13 3.4122128 2.8479521 144.26566 1.7106249657887485
953 13 101.50401 27.164404 13.731835 2.0754619383298025
954 13 37.266727 190.30206 23.873562 1.7106459663839977
955 13 90.88719 77.15649 33.398968 1.3920542448763888
960 13 75.241684 68.52077 51.11595 1.544065040088361
961 13 97.395096 27.458824 148.74834 1.3521150308450767
962 13 32.73036 75.42593 145.22179 1.8948855375788969
965 13 109.55966 150.38 140.83015 1.2984205225020513
968 13 136.50395 185.92215 122.75572 1.3710574636986963
974 13 203.8119 42.155945 47.091778 1.1862749351339843
986 13 84.10394 108.66119 90.299515 1.7962651160164511
987 13 172.4659 55.60719 92.639465 2.168871848462352
989 13 91.54678 79.06361 34.88607 1.8677469884155238
990 13 155.77426 164.85947 168.32059 1.6661255052732964
991 13 21.211 182.13983 53.15993 1.8548493064815605
1000 13 62.241787 178.50621 51.021576 1.7041260147215065
1003 13 59.829628 18.94296 41.600777 2.1314797131633902
1005 13 35.429478 85.7605 155.4155 1.1605179575896951
1006 13 55.818237 12.058174 47.91226 1.894698591611914
1008 13 176.94757 168.26485 109.60009 1.074395236306796
1009 13 19.279736 14.169214 116.81072 1.7928587935045364
1012 13 113.423225 152.89523 142.95506 2.1806830926851215
1013 13 78.00058 72.642296 57.8017 0.9429020722477459
1016 13 8.611847 113.299164 128.15347 1.4902586538181388
1018 13 64.26349 189.68492 40.957325 1.509872859393688
1025 13 43.189007 83.51985 82.06683 1.7381024590513456
1029 13 106.10586 182.36163 90.240265 2.1731968964701345
1031 13 105.500824 23.76417 92.462326 1.5870575512066745
1039 13 147.69559 132.7018 156.91748 2.0473932743191767
1040 13 106.22073 1.2070214 118.072044 1.8124572940372905
1041 13 145.15791 94.33884 162.61058 2.2261673041259717
1045 13 168.47292 52.58742 59.620407 1.5360890889037782
1046 13 173.16544 29.211773 156.28647 1.256062720011616
1047 13 182.51016 115.728745 167.89937 1.7575808087949891
1048 13 76.46466 156.11742 81.36678 1.611626837947882
1049 13 184.78397 32.31083 0.22586401 1.48592012976078
1051 13 99.96608 157.09946 153.71529 1.8044600057027953
1052 13 20.487452 119.343575 26.198263 1.800641922110422
1055 13 148.02171 31.363724 163.98637 1.852170943685369
1066 13 189.11316 192.5664 84.2372 1.1928264014889687
1084 13 27.318842 167.83629 60.259098 1.5961241223802056
1095 13 144.8753 61.20062 132.34164 1.7843102265059358
1097 13 24.81714 43.06758 178.71054 1.125495364889711
1100 13 55.25902 86.25758 152.75418 1.6102799587846781
1105 13 23.246231 50.990253 188.98436 1.5515527191995921
1110 13 14.831301 176.48941 14.350505 1.5685714058074183
1113 13 49.502674 53.000668 139.5047 1.8150105231786042
1115 13 100.36371 60.76017 39.35183 1.5793162908983291
1124 13 62.939636 139.3279 119.55695 1.89796961169673
1125 13 10.007931 203.31561 5.424291 1.9662410311546354
1168 13 163.91434 33.76324 163.7134 1.8989957562633388
1173 13 140.19922 51.23022 67.09698 1.3502717375539048
1257 13 80.45563 56.93653 110.34073 1.7426469173687231
