93 13 74.25339 12.0164795 106.77538 1.1550458850277048
226 13 113.44025 62.18535 191.00528 2.0077617264994276
304 13 183.32478 57.176636 107.48614 1.881682689543407
307 13 147.47983 132.65279 74.08421 1.2127493415793702
315 13 133.24564 4.760979 194.39386 1.5300929528857832
356 13 201.63797 71.11093 85.67433 1.4824881395240468
357 13 184.6948 63.878796 104.57244 1.7661442559278588
374 13 133.69655 88.88511 69.750786 1.8544760782358674
394 13 14.347547 13.855476 127.080444 1.8517794785010462
421 13 84.881516 161.97702 7.58087 1.6295912504660583
423 13 80.94954 175.46286 53.708775 1.399600625524964
430 13 111.64189 151.33936 200.82376 1.7303351186244311
441 13 11.665152 104.431625 195.59721 1.2856212437497396
459 13 166.19424 24.432377 39.52232 1.7128159732946915
461 13 28.28922 38.860527 134.56815 1.5671542545969415
475 13 84.30704 17.242098 143.9858 2.120225947169355
493 13 27.715725 68.69017 203.58789 1.6827332754950957
501 13 155.06595 131.92305 15.617114 1.5711203980631439
514 13 169.78116 160.3006 68.29477 1.485217361480031
516 13 57.4508 45.127346 3.6340477 1.3443445710735606
525 13 39.33276 165.62639 52.98 1.936959815152687
529 13 22.4369 176.51067 18.669477 2.1398768952739347
558 13 198.53893 192.95326 101.664734 1.2177385926678763
565 13 73.6191 200.79439 77.96227 1.3680495930919732
566 13 74.38782 99.102036 156.3039 0.9534343703429362
580 13 20.126305 199.42374 57.27949 1.3265598502041833
603 13 172.57361 53.265335 61.848454 1.1482975183062607
612 13 97.44522 183.69347 138.33287 1.9313505303119038
625 13 126.24254 36.872566 65.9934 1.6992780706061459
630 13 80.825325 152.77937 194.61317 1.4593829127216194
632 13 105.94533 194.35677 125.30169 1.7761049765604686
637 13 129.14566 174.10118 73.65965 2.118557193287267
640 13 179.21878 62.62359 117.57663 1.6713623725227766
642 13 171.99939 108.20257 11.811422 1.3404151518492489
652 13 120.771904 140.13304 194.77995 1.6631276833991284
657 13 114.71731 25.789381 48.5439 1.7497394922539966
661 13 119.85164 68.93211 193.15176 1.4865391724676398
665 13 196.65848 101.99754 81.11643 1.1916668285876884
674 13 48.084015 112.074875 174.31438 1.2886295844030986
677 13 166.44125 39.82366 78.95327 2.263629771269287
680 13 19.064674 171.60541 11.752432 1.0951688972315354
686 13 101.864586 123.58044 180.79333 2.2405100688461808
697 13 153.90088 66.20397 141.98582 1.5354921343997943
702 13 196.37173 62.63307 140.37952 1.2838735041175118
703 13 17.582186 162.05823 203.04953 1.8611899026768581
709 13 1.8108191 200.81805 31.10255 1.8622711718695304
713 13 140.08533 30.14891 38.190746 2.2562144547728273
718 13 65.151245 201.03285 74.86429 1.5887420952789642
719 13 159.68784 38.733166 174.38748 1.8819200162916456
721 13 147.49472 176.62683 138.78903 0.8205091320544378
726 13 104.60029 195.06961 140.86325 1.5082344013588913
727 13 95.294586 144.2974 37.965897 1.6852615773002173
728 13 18.032328 9.510368 101.83807 1.876120158544013
729 13 23.263865 178.2145 18.951885 1.8276269086923322
732 13 177.36848 3.933648 8.347767 1.7960074305110614
745 13 82.367744 35.151817 163.59703 1.8433483340270398
748 13 141.56267 58.85347 70.18499 1.707839709520767
751 13 150.83665 173.6503 68.1765 0.5206099257986794
753 13 173.9045 170.05373 128.32109 1.7321508199946334
755 13 41.480804 21.364538 202.7058 1.5778282632079916
757 13 35.59935 155.6222 76.22584 1.8583540974247974
758 13 86.12184 153.45566 62.57823 1.685523980356402
760 13 77.785194 25.384815 12.793068 0.8769179454081328
762 13 9.781244 96.70827 182.81818 1.3880784363195011
763 13 145.235 28.59513 33.999836 1.0490619271938701
765 13 6.655629 75.70907 129.69817 1.472322543126271
766 13 65.629105 29.699974 165.8341 1.4830114739807447
767 13 50.297905 149.47208 58.59679 1.4723212675986057
769 13 47.586185 185.99028 4.915139 1.439808729950643
772 13 85.37169 192.34584 67.57747 1.317824990727146
773 13 165.76123 161.70872 60.87555 1.022301778267587
775 13 92.90662 192.67882 59.910988 1.6896299897868348
779 13 102.26345 75.71875 117.322975 1.6951230061444738
781 13 76.98122 42.407494 162.89572 1.5716338318090286
787 13 45.27859 133.51422 112.59367 1.1315453828289441
788 13 101.82451 119.69519 82.89367 1.859896866812683
789 13 169.32892 43.845486 150.5049 1.0375730058554793
793 13 84.66615 17.03252 104.441765 2.10090592140593
795 13 147.97781 131.20403 169.85782 1.5415290515196085
798 13 28.50911 80.57924 169.29335 1.8315659694412934
801 13 161.97707 89.05468 10.058034 1.5099193957831516
805 13 56.57538 11.926271 69.7791 2.089340775977658
806 13 65.00026 131.0085 83.02658 1.7916524228425936
807 13 60.714115 139.42433 109.52972 1.3262863631598982
811 13 31.489317 89.71591 144.81888 1.6317877160865308
812 13 60.513824 131.116 77.00397 1.8111272695579543
813 13 165.4875 103.233925 12.023697 1.7818439615201491
814 13 67.784966 118.39758 69.34314 1.5745900036545093
816 13 42.925278 134.2934 169.78145 1.9032443931242053
817 13 93.059685 79.46318 35.21393 1.9639054065984456
818 13 38.636406 83.23246 152.5881 1.5779995275247456
823 13 17.250841 154.95766 149.84009 1.7030624037929594
824 13 39.586285 43.866188 148.96626 1.6879216979260414
827 13 12.418204 43.201885 40.89302 1.3874702120435245
835 13 196.93135 124.723274 141.70842 1.830111083000363
841 13 85.23121 24.283005 150.38982 0.8120605352241066
842 13 189.59491 189.53607 65.71292 2.0275441938445855
843 13 183.80014 133.85187 12.91865 1.5872497203734852
844 13 51.227615 95.03296 44.02652 1.6955176730122983
848 13 150.71684 127.02341 64.31287 0.9605367687540562
854 13 88.69137 96.31265 37.32755 1.9154028154538916
855 13 49.387497 107.09193 171.88968 1.6072015153834167
857 13 118.75823 129.62582 186.07674 1.5762985303687753
860 13 10.281816 12.7428255 172.4582 1.914488293051888
863 13 167.40762 125.44449 33.648624 1.2295537622224906
866 13 16.726913 125.119064 196.72327 1.4249433833161271
869 13 42.134224 48.280273 147.3563 2.0216448424502462
873 13 54.85959 201.81041 137.43423 2.2310391768068727
879 13 132.63861 61.57344 125.412605 1.897753800019972
882 13 30.916372 92.46726 14.156035 1.6589899095494187
883 13 85.041374 138.44614 178.43982 1.354197686628006
884 13 63.978268 125.3322 113.54003 1.8999833922921687
895 13 159.17316 188.46669 158.48798 1.1245770509597623
896 13 116.67551 47.947556 76.576 1.8690567534136142
901 13 172.55952 150.98091 165.19058 1.5777762127916097
902 13 123.703125 160.92358 40.730633 1.4993316795796552
904 13 185.96422 116.556465 21.075798 1.6158947005444055
908 13 83.144325 2.8968515 81.6709 1.7381451090338476
914 13 138.46265 52.48436 33.58815 1.1342311418012658
920 13 190.55199 161.46858 44.147327 1.637243419911937
922 13 37.76581 1.5478852 180.69667 1.8967275213199222
924 13 119.94923 64.36384 154.27956 1.7376373238387133
935 13 134.85785 81.47743 176.99738 1.9242211780371057
939 13 60.987938 24.543362 65.97172 1.9618903434681771
990 13 155.77426 164.85947 168.32059 1.1292857931494742
1000 13 62.241787 178.50621 51.021576 1.875018691312562
1006 13 55.818237 12.058174 47.91226 1.5065879470224974
