1 13 74.25339 12.0164795 106.77538 246
1 13 178.99066 97.66873 163.02057 220
1 13 113.44025 62.18535 191.00528 245
1 13 138.8112 31.017136 147.23042 237
1 13 183.32478 57.176636 107.48614 217
1 13 147.47983 132.65279 74.08421 180
1 13 2.38066 7.5760717 39.48816 283
1 13 133.24564 4.760979 194.39386 236
1 13 30.303476 93.226944 10.911667 291
1 13 53.710903 185.59894 63.44691 218
1 13 201.63797 71.11093 85.67433 245
1 13 184.6948 63.878796 104.57244 266
1 13 133.69655 88.88511 69.750786 284
1 13 14.347547 13.855476 127.080444 218
1 13 124.898796 196.56113 21.729153 172
1 13 98.78345 156.54512 155.10307 314
1 13 84.881516 161.97702 7.58087 265
1 13 80.94954 175.46286 53.708775 172
1 13 170.20786 110.067764 156.37341 180
1 13 111.64189 151.33936 200.82376 237
1 13 81.71211 197.08678 143.50665 236
1 13 11.665152 104.431625 195.59721 219
1 13 166.19424 24.432377 39.52232 189
1 13 28.28922 38.860527 134.56815 267
1 13 23.134375 171.68228 120.747665 227
1 13 8.3445215 8.693734 121.70441 265
1 13 84.30704 17.242098 143.9858 255
1 13 14.468059 151.26422 111.56699 190
1 13 27.715725 68.69017 203.58789 142
1 13 155.06595 131.92305 15.617114 227
1 13 130.16136 64.24549 154.86575 152
1 13 169.78116 160.3006 68.29477 255
1 13 57.4508 45.127346 3.6340477 189
1 13 168.37221 53.335667 24.000708 218
1 13 39.33276 165.62639 52.98 312
1 13 161.89922 42.818348 159.01707 162
1 13 22.4369 176.51067 18.669477 227
1 13 66.92414 50.116085 154.59915 237
1 13 147.84856 55.95537 66.1314 162
1 13 198.53893 192.95326 101.664734 179
1 13 17.688946 198.55408 56.39457 228
1 13 131.8204 142.21039 53.503 255
1 13 73.6191 200.79439 77.96227 218
1 13 74.38782 99.102036 156.3039 292
1 13 97.28834 106.48272 76.68736 190
1 13 20.126305 199.42374 57.27949 198
1 13 91.08058 148.4481 13.607937 284
1 13 126.58782 73.502716 187.30156 217
1 13 172.57361 53.265335 61.848454 199
1 13 202.98187 147.23102 157.14536 160
1 13 97.44522 183.69347 138.33287 256
1 13 126.24254 36.872566 65.9934 189
1 13 80.825325 152.77937 194.61317 283
1 13 105.94533 194.35677 125.30169 305
1 13 129.14566 174.10118 73.65965 189
1 13 179.21878 62.62359 117.57663 209
1 13 123.21906 120.83009 198.42892 273
1 13 171.99939 108.20257 11.811422 265
1 13 137.87376 106.36406 23.140474 246
1 13 92.86412 179.70293 163.42041 228
1 13 120.771904 140.13304 194.77995 210
1 13 147.03783 84.81508 63.34525 172
1 13 114.71731 25.789381 48.5439 264
1 13 119.85164 68.93211 193.15176 245
1 13 196.65848 101.99754 81.11643 182
1 13 48.084015 112.074875 174.31438 153
1 13 166.44125 39.82366 78.95327 134
1 13 134.74663 82.06575 103.518616 170
1 13 19.064674 171.60541 11.752432 227
1 13 66.05172 151.05635 87.636604 114
1 13 101.864586 123.58044 180.79333 208
1 13 77.43233 186.14955 135.57066 192
1 13 153.90088 66.20397 141.98582 200
1 13 89.97238 133.00368 43.691116 226
1 13 196.37173 62.63307 140.37952 235
1 13 17.582186 162.05823 203.04953 218
1 13 1.8108191 200.81805 31.10255 264
1 13 140.08533 30.14891 38.190746 228
1 13 65.151245 201.03285 74.86429 266
1 13 159.68784 38.733166 174.38748 199
1 13 147.49472 176.62683 138.78903 256
1 13 66.396164 109.00401 60.239918 217
1 13 104.60029 195.06961 140.86325 210
1 13 95.294586 144.2974 37.965897 162
1 13 18.032328 9.510368 101.83807 210
1 13 23.263865 178.2145 18.951885 248
1 13 15.242955 74.6061 141.73705 256
1 13 50.575863 69.9765 202.45695 208
1 13 177.36848 3.933648 8.347767 247
1 13 149.46692 85.28522 30.276064 189
1 13 152.03647 154.69595 17.506939 285
1 13 64.86763 93.08881 3.6918395 236
1 13 24.878906 39.161205 138.62941 210
1 13 82.367744 35.151817 163.59703 226
1 13 141.56267 58.85347 70.18499 238
1 13 88.652405 199.54167 79.68223 172
1 13 150.83665 173.6503 68.1765 229
1 13 173.9045 170.05373 128.32109 162
1 13 41.480804 21.364538 202.7058 284
1 13 104.85626 71.44684 29.593092 283
1 13 35.59935 155.6222 76.22584 200
1 13 86.12184 153.45566 62.57823 199
1 13 102.58824 52.676003 127.49046 143
1 13 77.785194 25.384815 12.793068 265
1 13 9.781244 96.70827 182.81818 199
1 13 145.235 28.59513 33.999836 161
1 13 6.655629 75.70907 129.69817 228
1 13 65.629105 29.699974 165.8341 218
1 13 50.297905 149.47208 58.59679 218
1 13 47.586185 185.99028 4.915139 330
1 13 85.37169 192.34584 67.57747 173
1 13 165.76123 161.70872 60.87555 266
1 13 92.90662 192.67882 59.910988 257
1 13 140.55164 204.22966 3.1348643 236
1 13 160.44107 32.10552 88.39277 216
1 13 36.634113 142.61107 173.45445 237
1 13 102.26345 75.71875 117.322975 244
1 13 81.60794 183.30421 165.79863 181
1 13 76.98122 42.407494 162.89572 303
1 13 200.08768 78.37519 169.77406 209
1 13 45.27859 133.51422 112.59367 210
1 13 101.82451 119.69519 82.89367 235
1 13 169.32892 43.845486 150.5049 218
1 13 18.538174 65.06519 182.69572 198
1 13 129.78215 34.252266 36.897 207
1 13 84.66615 17.03252 104.441765 210
1 13 147.97781 131.20403 169.85782 275
1 13 65.74481 185.64407 52.515873 208
1 13 142.31985 138.90216 181.37186 219
1 13 28.50911 80.57924 169.29335 217
1 13 43.869156 190.98114 2.487327 208
1 13 161.97707 89.05468 10.058034 295
1 13 144.55583 62.11733 160.7787 199
1 13 62.927147 175.25659 47.688545 124
1 13 56.57538 11.926271 69.7791 209
1 13 65.00026 131.0085 83.02658 87
1 13 60.714115 139.42433 109.52972 189
1 13 31.489317 89.71591 144.81888 200
1 13 60.513824 131.116 77.00397 227
1 13 165.4875 103.233925 12.023697 236
1 13 67.784966 118.39758 69.34314 188
1 13 42.925278 134.2934 169.78145 190
1 13 93.059685 79.46318 35.21393 227
1 13 38.636406 83.23246 152.5881 228
1 13 69.55938 191.13437 104.813515 210
1 13 51.736507 142.61893 82.98747 256
1 13 17.250841 154.95766 149.84009 369
1 13 39.586285 43.866188 148.96626 218
1 13 174.59578 21.660473 132.78424 254
1 13 86.564384 96.607666 25.24999 295
1 13 12.418204 43.201885 40.89302 182
1 13 196.93135 124.723274 141.70842 123
1 13 71.48433 115.75361 4.679543 266
1 13 115.65579 163.86191 139.18413 265
1 13 33.076965 19.169983 131.7686 152
1 13 85.23121 24.283005 150.38982 237
1 13 189.59491 189.53607 65.71292 208
1 13 183.80014 133.85187 12.91865 217
1 13 51.227615 95.03296 44.02652 235
1 13 150.71684 127.02341 64.31287 236
1 13 88.69137 96.31265 37.32755 208
1 13 49.387497 107.09193 171.88968 192
1 13 34.229687 24.458261 144.43123 208
1 13 118.75823 129.62582 186.07674 162
1 13 10.281816 12.7428255 172.4582 320
1 13 167.40762 125.44449 33.648624 321
1 13 26.65893 180.92123 41.795135 163
1 13 16.726913 125.119064 196.72327 228
1 13 81.31586 106.1692 101.6111 264
1 13 42.134224 48.280273 147.3563 199
1 13 29.143572 13.219865 140.0734 246
1 13 54.85959 201.81041 137.43423 273
1 13 105.282265 87.433556 76.85385 190
1 13 179.34659 61.07433 113.99895 227
1 13 132.63861 61.57344 125.412605 209
1 13 30.916372 92.46726 14.156035 171
1 13 85.041374 138.44614 178.43982 206
1 13 63.978268 125.3322 113.54003 292
1 13 155.69923 27.985771 94.53272 134
1 13 121.19165 35.766567 145.94266 180
1 13 179.95918 157.74205 49.527184 151
1 13 44.064335 129.76721 188.49443 264
1 13 13.621226 197.87967 175.75124 170
1 13 159.17316 188.46669 158.48798 208
1 13 116.67551 47.947556 76.576 179
1 13 50.471348 141.90178 7.0619874 161
1 13 126.09682 83.83538 7.910165 191
1 13 183.24266 116.81698 11.545614 207
1 13 93.491585 17.464073 125.71848 256
1 13 172.55952 150.98091 165.19058 294
1 13 123.703125 160.92358 40.730633 143
1 13 185.96422 116.556465 21.075798 152
1 13 12.083588 178.13673 50.28524 207
1 13 1.1576144 78.26373 82.18802 238
1 13 83.144325 2.8968515 81.6709 329
1 13 145.78485 188.52547 36.44587 190
1 13 138.46265 52.48436 33.58815 228
1 13 16.418116 193.70511 133.20332 235
1 13 190.55199 161.46858 44.147327 181
1 13 37.76581 1.5478852 180.69667 283
1 13 119.94923 64.36384 154.27956 210
1 13 156.29459 100.64407 170.19514 171
1 13 58.501125 45.596973 1.9560469 331
1 13 139.82037 41.733192 116.11964 264
1 13 183.74904 54.83812 95.40496 303
1 13 134.85785 81.47743 176.99738 181
1 13 108.5744 183.87222 26.569992 208
1 13 50.835133 48.532063 132.39146 275
1 13 60.987938 24.543362 65.97172 256
1 13 164.81898 128.77504 163.05602 294
1 13 111.06112 195.00058 111.34105 189
1 13 30.559061 27.309198 144.39825 304
1 13 199.59366 196.92354 103.106926 220
1 13 196.83282 79.52695 80.87734 210
1 13 174.84093 169.60466 100.9429 225
1 13 3.4122128 2.8479521 144.26566 142
1 13 101.50401 27.164404 13.731835 208
1 13 37.266727 190.30206 23.873562 198
1 13 90.88719 77.15649 33.398968 229
1 13 75.241684 68.52077 51.11595 209
1 13 97.395096 27.458824 148.74834 181
1 13 32.73036 75.42593 145.22179 217
1 13 109.55966 150.38 140.83015 286
1 13 136.50395 185.92215 122.75572 208
1 13 203.8119 42.155945 47.091778 153
1 13 84.10394 108.66119 90.299515 189
1 13 172.4659 55.60719 92.639465 170
1 13 91.54678 79.06361 34.88607 162
1 13 155.77426 164.85947 168.32059 199
1 13 21.211 182.13983 53.15993 152
1 13 62.241787 178.50621 51.021576 294
1 13 59.829628 18.94296 41.600777 141
1 13 35.429478 85.7605 155.4155 180
1 13 55.818237 12.058174 47.91226 171
1 13 176.94757 168.26485 109.60009 188
1 13 19.279736 14.169214 116.81072 170
1 13 113.423225 152.89523 142.95506 246
1 13 78.00058 72.642296 57.8017 207
1 13 8.611847 113.299164 128.15347 255
1 13 64.26349 189.68492 40.957325 200
1 13 43.189007 83.51985 82.06683 170
1 13 106.10586 182.36163 90.240265 339
1 13 105.500824 23.76417 92.462326 153
1 13 147.69559 132.7018 156.91748 171
1 13 106.22073 1.2070214 118.072044 199
1 13 145.15791 94.33884 162.61058 219
1 13 168.47292 52.58742 59.620407 237
1 13 173.16544 29.211773 156.28647 151
1 13 182.51016 115.728745 167.89937 209
1 13 76.46466 156.11742 81.36678 208
1 13 184.78397 32.31083 0.22586401 266
1 13 99.96608 157.09946 153.71529 190
1 13 20.487452 119.343575 26.198263 189
1 13 148.02171 31.363724 163.98637 187
1 13 189.11316 192.5664 84.2372 257
1 13 27.318842 167.83629 60.259098 172
1 13 144.8753 61.20062 132.34164 141
1 13 24.81714 43.06758 178.71054 171
1 13 55.25902 86.25758 152.75418 226
1 13 23.246231 50.990253 188.98436 323
1 13 14.831301 176.48941 14.350505 97
1 13 49.502674 53.000668 139.5047 218
1 13 100.36371 60.76017 39.35183 274
1 13 62.939636 139.3279 119.55695 208
1 13 10.007931 203.31561 5.424291 200
1 13 163.91434 33.76324 163.7134 161
1 13 140.19922 51.23022 67.09698 227
1 13 80.45563 56.93653 110.34073 226
