1 13 74.25339 12.0164795 106.77538 64
1 13 178.99066 97.66873 163.02057 71
1 13 113.44025 62.18535 191.00528 68
1 13 138.8112 31.017136 147.23042 89
1 13 183.32478 57.176636 107.48614 66
1 13 147.47983 132.65279 74.08421 71
1 13 2.38066 7.5760717 39.48816 73
1 13 133.24564 4.760979 194.39386 72
1 13 30.303476 93.226944 10.911667 69
1 13 53.710903 185.59894 63.44691 69
1 13 201.63797 71.11093 85.67433 70
1 13 184.6948 63.878796 104.57244 68
1 13 133.69655 88.88511 69.750786 63
1 13 14.347547 13.855476 127.080444 80
1 13 124.898796 196.56113 21.729153 68
1 13 98.78345 156.54512 155.10307 73
1 13 84.881516 161.97702 7.58087 64
1 13 80.94954 175.46286 53.708775 76
1 13 170.20786 110.067764 156.37341 70
1 13 111.64189 151.33936 200.82376 68
1 13 81.71211 197.08678 143.50665 78
1 13 11.665152 104.431625 195.59721 76
1 13 166.19424 24.432377 39.52232 71
1 13 28.28922 38.860527 134.56815 77
1 13 23.134375 171.68228 120.747665 84
1 13 8.3445215 8.693734 121.70441 89
1 13 84.30704 17.242098 143.9858 73
1 13 14.468059 151.26422 111.56699 72
1 13 27.715725 68.69017 203.58789 68
1 13 155.06595 131.92305 15.617114 74
1 13 130.16136 64.24549 154.86575 79
1 13 169.78116 160.3006 68.29477 71
1 13 57.4508 45.127346 3.6340477 92
1 13 168.37221 53.335667 24.000708 66
1 13 39.33276 165.62639 52.98 58
1 13 161.89922 42.818348 159.01707 79
1 13 22.4369 176.51067 18.669477 70
1 13 66.92414 50.116085 154.59915 65
1 13 147.84856 55.95537 66.1314 77
1 13 198.53893 192.95326 101.664734 81
1 13 17.688946 198.55408 56.39457 71
1 13 131.8204 142.21039 53.503 66
1 13 73.6191 200.79439 77.96227 74
1 13 74.38782 99.102036 156.3039 77
1 13 97.28834 106.48272 76.68736 68
1 13 20.126305 199.42374 57.27949 71
1 13 91.08058 148.4481 13.607937 84
1 13 126.58782 73.502716 187.30156 66
1 13 172.57361 53.265335 61.848454 84
1 13 202.98187 147.23102 157.14536 73
1 13 97.44522 183.69347 138.33287 73
1 13 126.24254 36.872566 65.9934 73
1 13 80.825325 152.77937 194.61317 72
1 13 105.94533 194.35677 125.30169 72
1 13 129.14566 174.10118 73.65965 75
1 13 179.21878 62.62359 117.57663 71
1 13 123.21906 120.83009 198.42892 68
1 13 171.99939 108.20257 11.811422 74
1 13 137.87376 106.36406 23.140474 78
1 13 92.86412 179.70293 163.42041 80
1 13 120.771904 140.13304 194.77995 83
1 13 147.03783 84.81508 63.34525 64
1 13 114.71731 25.789381 48.5439 65
1 13 119.85164 68.93211 193.15176 69
1 13 196.65848 101.99754 81.11643 77
1 13 48.084015 112.074875 174.31438 77
1 13 166.44125 39.82366 78.95327 75
1 13 134.74663 82.06575 103.518616 69
1 13 19.064674 171.60541 11.752432 76
1 13 66.05172 151.05635 87.636604 80
1 13 101.864586 123.58044 180.79333 83
1 13 77.43233 186.14955 135.57066 70
1 13 153.90088 66.20397 141.98582 80
1 13 89.97238 133.00368 43.691116 80
1 13 196.37173 62.63307 140.37952 80
1 13 17.582186 162.05823 203.04953 73
1 13 1.8108191 200.81805 31.10255 82
1 13 140.08533 30.14891 38.190746 73
1 13 65.151245 201.03285 74.86429 85
1 13 159.68784 38.733166 174.38748 71
1 13 147.49472 176.62683 138.78903 78
1 13 66.396164 109.00401 60.239918 76
1 13 104.60029 195.06961 140.86325 80
1 13 95.294586 144.2974 37.965897 78
1 13 18.032328 9.510368 101.83807 76
1 13 23.263865 178.2145 18.951885 82
1 13 15.242955 74.6061 141.73705 80
1 13 50.575863 69.9765 202.45695 72
1 13 177.36848 3.933648 8.347767 66
1 13 149.46692 85.28522 30.276064 72
1 13 152.03647 154.69595 17.506939 82
1 13 64.86763 93.08881 3.6918395 79
1 13 24.878906 39.161205 138.62941 78
1 13 82.367744 35.151817 163.59703 76
1 13 141.56267 58.85347 70.18499 67
1 13 88.652405 199.54167 79.68223 76
1 13 150.83665 173.6503 68.1765 74
1 13 173.9045 170.05373 128.32109 75
1 13 41.480804 21.364538 202.7058 72
1 13 104.85626 71.44684 29.593092 70
1 13 35.59935 155.6222 76.22584 77
1 13 86.12184 153.45566 62.57823 79
1 13 102.58824 52.676003 127.49046 69
1 13 77.785194 25.384815 12.793068 66
1 13 9.781244 96.70827 182.81818 72
1 13 145.235 28.59513 33.999836 74
1 13 6.655629 75.70907 129.69817 81
1 13 65.629105 29.699974 165.8341 76
1 13 50.297905 149.47208 58.59679 83
1 13 47.586185 185.99028 4.915139 63
1 13 85.37169 192.34584 67.57747 75
1 13 165.76123 161.70872 60.87555 68
1 13 92.90662 192.67882 59.910988 81
1 13 140.55164 204.22966 3.1348643 64
1 13 160.44107 32.10552 88.39277 77
1 13 36.634113 142.61107 173.45445 63
1 13 102.26345 75.71875 117.322975 61
1 13 81.60794 183.30421 165.79863 67
1 13 76.98122 42.407494 162.89572 72
1 13 200.08768 78.37519 169.77406 68
1 13 45.27859 133.51422 112.59367 78
1 13 101.82451 119.69519 82.89367 66
1 13 169.32892 43.845486 150.5049 75
1 13 18.538174 65.06519 182.69572 77
1 13 129.78215 34.252266 36.897 66
1 13 84.66615 17.03252 104.441765 78
1 13 147.97781 131.20403 169.85782 72
1 13 65.74481 185.64407 52.515873 77
1 13 142.31985 138.90216 181.37186 70
1 13 28.50911 80.57924 169.29335 76
1 13 43.869156 190.98114 2.487327 71
1 13 161.97707 89.05468 10.058034 76
1 13 144.55583 62.11733 160.7787 78
1 13 62.927147 175.25659 47.688545 72
1 13 56.57538 11.926271 69.7791 66
1 13 65.00026 131.0085 83.02658 72
1 13 60.714115 139.42433 109.52972 70
1 13 31.489317 89.71591 144.81888 70
1 13 60.513824 131.116 77.00397 71
1 13 165.4875 103.233925 12.023697 65
1 13 67.784966 118.39758 69.34314 73
1 13 42.925278 134.2934 169.78145 68
1 13 93.059685 79.46318 35.21393 88
1 13 38.636406 83.23246 152.5881 61
1 13 69.55938 191.13437 104.813515 59
1 13 51.736507 142.61893 82.98747 81
1 13 17.250841 154.95766 149.84009 81
1 13 39.586285 43.866188 148.96626 69
1 13 174.59578 21.660473 132.78424 75
1 13 86.564384 96.607666 25.24999 74
1 13 12.418204 43.201885 40.89302 73
1 13 196.93135 124.723274 141.70842 67
1 13 71.48433 115.75361 4.679543 84
1 13 115.65579 163.86191 139.18413 68
1 13 33.076965 19.169983 131.7686 65
1 13 85.23121 24.283005 150.38982 71
1 13 189.59491 189.53607 65.71292 69
1 13 183.80014 133.85187 12.91865 66
1 13 51.227615 95.03296 44.02652 69
1 13 150.71684 127.02341 64.31287 72
1 13 88.69137 96.31265 37.32755 70
1 13 49.387497 107.09193 171.88968 71
1 13 34.229687 24.458261 144.43123 80
1 13 118.75823 129.62582 186.07674 67
1 13 10.281816 12.7428255 172.4582 77
1 13 167.40762 125.44449 33.648624 71
1 13 26.65893 180.92123 41.795135 68
1 13 16.726913 125.119064 196.72327 68
1 13 81.31586 106.1692 101.6111 66
1 13 42.134224 48.280273 147.3563 83
1 13 29.143572 13.219865 140.0734 76
1 13 54.85959 201.81041 137.43423 84
1 13 105.282265 87.433556 76.85385 68
1 13 179.34659 61.07433 113.99895 71
1 13 132.63861 61.57344 125.412605 74
1 13 30.916372 92.46726 14.156035 78
1 13 85.041374 138.44614 178.43982 63
1 13 63.978268 125.3322 113.54003 64
1 13 155.69923 27.985771 94.53272 72
1 13 121.19165 35.766567 145.94266 81
1 13 179.95918 157.74205 49.527184 67
1 13 44.064335 129.76721 188.49443 68
1 13 13.621226 197.87967 175.75124 72
1 13 159.17316 188.46669 158.48798 76
1 13 116.67551 47.947556 76.576 74
1 13 50.471348 141.90178 7.0619874 78
1 13 126.09682 83.83538 7.910165 69
1 13 183.24266 116.81698 11.545614 75
1 13 93.491585 17.464073 125.71848 71
1 13 172.55952 150.98091 165.19058 74
1 13 123.703125 160.92358 40.730633 74
1 13 185.96422 116.556465 21.075798 71
1 13 12.083588 178.13673 50.28524 76
1 13 1.1576144 78.26373 82.18802 69
1 13 83.144325 2.8968515 81.6709 76
1 13 145.78485 188.52547 36.44587 88
1 13 138.46265 52.48436 33.58815 62
1 13 16.418116 193.70511 133.20332 61
1 13 190.55199 161.46858 44.147327 67
1 13 37.76581 1.5478852 180.69667 74
1 13 119.94923 64.36384 154.27956 82
1 13 156.29459 100.64407 170.19514 69
1 13 58.501125 45.596973 1.9560469 78
1 13 139.82037 41.733192 116.11964 69
1 13 183.74904 54.83812 95.40496 76
1 13 134.85785 81.47743 176.99738 78
1 13 108.5744 183.87222 26.569992 71
1 13 50.835133 48.532063 132.39146 76
1 13 60.987938 24.543362 65.97172 57
1 13 164.81898 128.77504 163.05602 70
1 13 111.06112 195.00058 111.34105 71
1 13 30.559061 27.309198 144.39825 64
1 13 199.59366 196.92354 103.106926 65
1 13 196.83282 79.52695 80.87734 67
1 13 174.84093 169.60466 100.9429 68
1 13 3.4122128 2.8479521 144.26566 66
1 13 101.50401 27.164404 13.731835 72
1 13 37.266727 190.30206 23.873562 73
1 13 90.88719 77.15649 33.398968 62
1 13 75.241684 68.52077 51.11595 76
1 13 97.395096 27.458824 148.74834 78
1 13 32.73036 75.42593 145.22179 79
1 13 109.55966 150.38 140.83015 65
1 13 136.50395 185.92215 122.75572 63
1 13 203.8119 42.155945 47.091778 74
1 13 84.10394 108.66119 90.299515 65
1 13 172.4659 55.60719 92.639465 76
1 13 91.54678 79.06361 34.88607 79
1 13 155.77426 164.85947 168.32059 76
1 13 21.211 182.13983 53.15993 65
1 13 62.241787 178.50621 51.021576 72
1 13 59.829628 18.94296 41.600777 64
1 13 35.429478 85.7605 155.4155 70
1 13 55.818237 12.058174 47.91226 78
1 13 176.94757 168.26485 109.60009 80
1 13 19.279736 14.169214 116.81072 74
1 13 113.423225 152.89523 142.95506 72
1 13 78.00058 72.642296 57.8017 69
1 13 8.611847 113.299164 128.15347 67
1 13 64.26349 189.68492 40.957325 76
1 13 43.189007 83.51985 82.06683 80
1 13 106.10586 182.36163 90.240265 78
1 13 105.500824 23.76417 92.462326 74
1 13 147.69559 132.7018 156.91748 70
1 13 106.22073 1.2070214 118.072044 78
1 13 145.15791 94.33884 162.61058 79
1 13 168.47292 52.58742 59.620407 78
1 13 173.16544 29.211773 156.28647 62
1 13 182.51016 115.728745 167.89937 70
1 13 76.46466 156.11742 81.36678 80
1 13 184.78397 32.31083 0.22586401 91
1 13 99.96608 157.09946 153.71529 89
1 13 20.487452 119.343575 26.198263 73
1 13 148.02171 31.363724 163.98637 66
1 13 189.11316 192.5664 84.2372 79
1 13 27.318842 167.83629 60.259098 73
1 13 144.8753 61.20062 132.34164 70
1 13 24.81714 43.06758 178.71054 68
1 13 55.25902 86.25758 152.75418 73
1 13 23.246231 50.990253 188.98436 73
1 13 14.831301 176.48941 14.350505 75
1 13 49.502674 53.000668 139.5047 79
1 13 100.36371 60.76017 39.35183 86
1 13 62.939636 139.3279 119.55695 71
1 13 10.007931 203.31561 5.424291 83
1 13 163.91434 33.76324 163.7134 75
1 13 140.19922 51.23022 67.09698 67
1 13 80.45563 56.93653 110.34073 73
