1 13 74.25339 12.0164795 106.77538 68.29111262935243
1 13 178.99066 97.66873 163.02057 58.02211525167255
1 13 113.44025 62.18535 191.00528 65.70414676908418
1 13 138.8112 31.017136 147.23042 61.40126172947171
1 13 183.32478 57.176636 107.48614 57.61160304804106
1 13 147.47983 132.65279 74.08421 66.20303245541668
1 13 2.38066 7.5760717 39.48816 64.57770685282605
1 13 133.24564 4.760979 194.39386 68.52816143633642
1 13 30.303476 93.226944 10.911667 63.72114478276093
1 13 53.710903 185.59894 63.44691 59.84318933666524
1 13 201.63797 71.11093 85.67433 68.9088451453054
1 13 184.6948 63.878796 104.57244 66.81415162772122
1 13 133.69655 88.88511 69.750786 64.3175677673316
1 13 14.347547 13.855476 127.080444 58.07714366460742
1 13 124.898796 196.56113 21.729153 59.55440670138425
1 13 98.78345 156.54512 155.10307 55.79262897721117
1 13 84.881516 161.97702 7.58087 58.808822208436666
1 13 80.94954 175.46286 53.708775 68.6624882685217
1 13 170.20786 110.067764 156.37341 62.67692991494503
1 13 111.64189 151.33936 200.82376 63.890578217487004
1 13 81.71211 197.08678 143.50665 59.86711295722776
1 13 11.665152 104.431625 195.59721 63.42500565301718
1 13 166.19424 24.432377 39.52232 67.23434051368903
1 13 28.28922 38.860527 134.56815 62.57209959847909
1 13 23.134375 171.68228 120.747665 61.52130976844614
1 13 8.3445215 8.693734 121.70441 67.22457870341321
1 13 84.30704 17.242098 143.9858 61.78927634453551
1 13 14.468059 151.26422 111.56699 66.41337048007753
1 13 27.715725 68.69017 203.58789 65.54611842587123
1 13 155.06595 131.92305 15.617114 64.06889568999426
1 13 130.16136 64.24549 154.86575 59.93786336145568
1 13 169.78116 160.3006 68.29477 59.757841428905095
1 13 57.4508 45.127346 3.6340477 60.13189692436582
1 13 168.37221 53.335667 24.000708 57.857792239061304
1 13 39.33276 165.62639 52.98 60.626401826931556
1 13 161.89922 42.818348 159.01707 67.24080262894509
1 13 22.4369 176.51067 18.669477 59.99920545068394
1 13 66.92414 50.116085 154.59915 55.62733937212824
1 13 147.84856 55.95537 66.1314 58.22852260844286
1 13 198.53893 192.95326 101.664734 61.60136850510266
1 13 17.688946 198.55408 56.39457 53.861692262028235
1 13 131.8204 142.21039 53.503 67.22444526458
1 13 73.6191 200.79439 77.96227 64.66554679397915
1 13 74.38782 99.102036 156.3039 65.60705341560688
1 13 97.28834 106.48272 76.68736 64.90330165816616
1 13 20.126305 199.42374 57.27949 64.74394430255106
1 13 91.08058 148.4481 13.607937 63.87257305878296
1 13 126.58782 73.502716 187.30156 64.78014219017341
1 13 172.57361 53.265335 61.848454 62.124590699159356
1 13 202.98187 147.23102 157.14536 61.58216786695851
1 13 97.44522 183.69347 138.33287 64.44549216762344
1 13 126.24254 36.872566 65.9934 58.66975293367111
1 13 80.825325 152.77937 194.61317 63.342301953744695
1 13 105.94533 194.35677 125.30169 54.28918399263891
1 13 129.14566 174.10118 73.65965 54.92129753889807
1 13 179.21878 62.62359 117.57663 59.89803296497659
1 13 123.21906 120.83009 198.42892 60.48684233643255
1 13 171.99939 108.20257 11.811422 61.765235894000725
1 13 137.87376 106.36406 23.140474 62.60109513502206
1 13 92.86412 179.70293 163.42041 62.588608563461726
1 13 120.771904 140.13304 194.77995 62.8424145930507
1 13 147.03783 84.81508 63.34525 59.152617381614576
1 13 114.71731 25.789381 48.5439 57.62158109384098
1 13 119.85164 68.93211 193.15176 61.76420097132026
1 13 196.65848 101.99754 81.11643 62.9609244812754
1 13 48.084015 112.074875 174.31438 59.91516265758355
1 13 166.44125 39.82366 78.95327 58.14057529513306
1 13 134.74663 82.06575 103.518616 60.021198289650464
1 13 19.064674 171.60541 11.752432 58.81555543622232
1 13 66.05172 151.05635 87.636604 61.28093323213858
1 13 101.864586 123.58044 180.79333 64.93141603069262
1 13 77.43233 186.14955 135.57066 60.83154926505908
1 13 153.90088 66.20397 141.98582 60.743095241067834
1 13 89.97238 133.00368 43.691116 59.63964883524588
1 13 196.37173 62.63307 140.37952 55.121733784812015
1 13 17.582186 162.05823 203.04953 63.10977596053081
1 13 1.8108191 200.81805 31.10255 60.27954572376315
1 13 140.08533 30.14891 38.190746 64.01691617974208
1 13 65.151245 201.03285 74.86429 68.0459521974142
1 13 159.68784 38.733166 174.38748 59.92479290302078
1 13 147.49472 176.62683 138.78903 58.14567658109816
1 13 66.396164 109.00401 60.239918 63.20525052098794
1 13 104.60029 195.06961 140.86325 61.31145682844776
1 13 95.294586 144.2974 37.965897 68.06339096821495
1 13 18.032328 9.510368 101.83807 66.64526283068157
1 13 23.263865 178.2145 18.951885 58.03036596915371
1 13 15.242955 74.6061 141.73705 63.18414864847982
1 13 50.575863 69.9765 202.45695 63.046299911192555
1 13 177.36848 3.933648 8.347767 61.9720169529306
1 13 149.46692 85.28522 30.276064 63.41194690110798
1 13 152.03647 154.69595 17.506939 59.40866378704841
1 13 64.86763 93.08881 3.6918395 59.95464433225165
1 13 24.878906 39.161205 138.62941 63.03373238282501
1 13 82.367744 35.151817 163.59703 64.26877526865815
1 13 141.56267 58.85347 70.18499 61.90275098721016
1 13 88.652405 199.54167 79.68223 58.778335845140376
1 13 150.83665 173.6503 68.1765 59.82805501326317
1 13 173.9045 170.05373 128.32109 64.7493926086209
1 13 41.480804 21.364538 202.7058 67.90295543274439
1 13 104.85626 71.44684 29.593092 62.54768115685269
1 13 35.59935 155.6222 76.22584 59.24419854890335
1 13 86.12184 153.45566 62.57823 63.53011332128434
1 13 102.58824 52.676003 127.49046 54.70361416296467
1 13 77.785194 25.384815 12.793068 60.65201424319318
1 13 9.781244 96.70827 182.81818 64.52753300190987
1 13 145.235 28.59513 33.999836 61.37490253877956
1 13 6.655629 75.70907 129.69817 59.4348690592378
1 13 65.629105 29.699974 165.8341 59.56048444631289
1 13 50.297905 149.47208 58.59679 58.94703667931302
1 13 47.586185 185.99028 4.915139 63.84374324830788
1 13 85.37169 192.34584 67.57747 66.19711867901034
1 13 165.76123 161.70872 60.87555 57.73334606516739
1 13 92.90662 192.67882 59.910988 59.192294727209905
1 13 140.55164 204.22966 3.1348643 65.52551911735972
1 13 160.44107 32.10552 88.39277 59.664318265611804
1 13 36.634113 142.61107 173.45445 63.39596573755672
1 13 102.26345 75.71875 117.322975 63.95087162342072
1 13 81.60794 183.30421 165.79863 60.15084098372573
1 13 76.98122 42.407494 162.89572 55.12118994543756
1 13 200.08768 78.37519 169.77406 64.18935282042273
1 13 45.27859 133.51422 112.59367 65.82091801914981
1 13 101.82451 119.69519 82.89367 71.51949497498053
1 13 169.32892 43.845486 150.5049 60.47216563010741
1 13 18.538174 65.06519 182.69572 63.77744786609186
1 13 129.78215 34.252266 36.897 66.03297666391029
1 13 84.66615 17.03252 104.441765 62.068722243132775
1 13 147.97781 131.20403 169.85782 60.03977744089376
1 13 65.74481 185.64407 52.515873 58.960634659827775
1 13 142.31985 138.90216 181.37186 68.2289795958481
1 13 28.50911 80.57924 169.29335 59.56935540302378
1 13 43.869156 190.98114 2.487327 60.42824078509731
1 13 161.97707 89.05468 10.058034 64.18786591410372
1 13 144.55583 62.11733 160.7787 59.536671717196775
1 13 62.927147 175.25659 47.688545 62.16453543045758
1 13 56.57538 11.926271 69.7791 61.242866761194556
1 13 65.00026 131.0085 83.02658 61.91603805838807
1 13 60.714115 139.42433 109.52972 61.66744841569008
1 13 31.489317 89.71591 144.81888 66.33426846260144
1 13 60.513824 131.116 77.00397 67.86346225493442
1 13 165.4875 103.233925 12.023697 67.02288268510685
1 13 67.784966 118.39758 69.34314 59.20090094643146
1 13 42.925278 134.2934 169.78145 55.95948400802837
1 13 93.059685 79.46318 35.21393 57.54586245817625
1 13 38.636406 83.23246 152.5881 60.61306802997612
1 13 69.55938 191.13437 104.813515 55.70362709306512
1 13 51.736507 142.61893 82.98747 63.68925065969152
1 13 17.250841 154.95766 149.84009 58.91169300635622
1 13 39.586285 43.866188 148.96626 59.07696572601066
1 13 174.59578 21.660473 132.78424 61.020603491863795
1 13 86.564384 96.607666 25.24999 59.04449294732576
1 13 12.418204 43.201885 40.89302 58.39099804642931
1 13 196.93135 124.723274 141.70842 64.83881755110298
1 13 71.48433 115.75361 4.679543 56.556116278074114
1 13 115.65579 163.86191 139.18413 59.75331330919693
1 13 33.076965 19.169983 131.7686 59.28121276545739
1 13 85.23121 24.283005 150.38982 64.89867503352467
1 13 189.59491 189.53607 65.71292 66.63196524590707
1 13 183.80014 133.85187 12.91865 66.03379220747475
1 13 51.227615 95.03296 44.02652 60.301823916051084
1 13 150.71684 127.02341 64.31287 66.93325995400528
1 13 88.69137 96.31265 37.32755 59.4985366154543
1 13 49.387497 107.09193 171.88968 61.45008991370266
1 13 34.229687 24.458261 144.43123 61.534193507636445
1 13 118.75823 129.62582 186.07674 64.74511458632378
1 13 10.281816 12.7428255 172.4582 61.23945660698453
1 13 167.40762 125.44449 33.648624 59.77110112064143
1 13 26.65893 180.92123 41.795135 62.39456763748508
1 13 16.726913 125.119064 196.72327 61.087580091699834
1 13 81.31586 106.1692 101.6111 58.57031702719507
1 13 42.134224 48.280273 147.3563 60.89455298576148
1 13 29.143572 13.219865 140.0734 62.11369791694992
1 13 54.85959 201.81041 137.43423 62.90101464292657
1 13 105.282265 87.433556 76.85385 60.3854352581473
1 13 179.34659 61.07433 113.99895 61.732191331355665
1 13 132.63861 61.57344 125.412605 58.09698956500083
1 13 30.916372 92.46726 14.156035 61.6091387601288
1 13 85.041374 138.44614 178.43982 61.54982498945575
1 13 63.978268 125.3322 113.54003 56.76659830006009
1 13 155.69923 27.985771 94.53272 66.22063258433909
1 13 121.19165 35.766567 145.94266 60.78839197957724
1 13 179.95918 157.74205 49.527184 55.7641411862415
1 13 44.064335 129.76721 188.49443 62.204405137405594
1 13 13.621226 197.87967 175.75124 69.48777139019249
1 13 159.17316 188.46669 158.48798 56.93379200260609
1 13 116.67551 47.947556 76.576 62.9360428254512
1 13 50.471348 141.90178 7.0619874 60.1256334019399
1 13 126.09682 83.83538 7.910165 63.549538326731316
1 13 183.24266 116.81698 11.545614 61.358033585008805
1 13 93.491585 17.464073 125.71848 61.78094525136681
1 13 172.55952 150.98091 165.19058 60.77848696277214
1 13 123.703125 160.92358 40.730633 63.54977712493732
1 13 185.96422 116.556465 21.075798 60.07665613473388
1 13 12.083588 178.13673 50.28524 58.58858964963955
1 13 1.1576144 78.26373 82.18802 64.29257592665205
1 13 83.144325 2.8968515 81.6709 61.522948161632044
1 13 145.78485 188.52547 36.44587 57.29722918383591
1 13 138.46265 52.48436 33.58815 57.5736182579746
1 13 16.418116 193.70511 133.20332 57.189842507388114
1 13 190.55199 161.46858 44.147327 56.13586971826614
1 13 37.76581 1.5478852 180.69667 60.45831863216854
1 13 119.94923 64.36384 154.27956 66.94674093761594
1 13 156.29459 100.64407 170.19514 67.35691935703241
1 13 58.501125 45.596973 1.9560469 61.24601232915684
1 13 139.82037 41.733192 116.11964 66.6026335288877
1 13 183.74904 54.83812 95.40496 64.57055707925058
1 13 134.85785 81.47743 176.99738 61.47990501523195
1 13 108.5744 183.87222 26.569992 62.940699117710544
1 13 50.835133 48.532063 132.39146 57.91960002228177
1 13 60.987938 24.543362 65.97172 62.642754698391556
1 13 164.81898 128.77504 163.05602 61.101540800824175
1 13 111.06112 195.00058 111.34105 63.35328814938591
1 13 30.559061 27.309198 144.39825 65.91293932883451
1 13 199.59366 196.92354 103.106926 64.80255372884564
1 13 196.83282 79.52695 80.87734 64.61765935757644
1 13 174.84093 169.60466 100.9429 62.385752757355064
1 13 3.4122128 2.8479521 144.26566 66.77620384980456
1 13 101.50401 27.164404 13.731835 60.08018999424599
1 13 37.266727 190.30206 23.873562 68.00419424148
1 13 90.88719 77.15649 33.398968 61.30980787292774
1 13 75.241684 68.52077 51.11595 56.5100880614601
1 13 97.395096 27.458824 148.74834 63.85268411263403
1 13 32.73036 75.42593 145.22179 69.38701182301935
1 13 109.55966 150.38 140.83015 57.52122226152564
1 13 136.50395 185.92215 122.75572 62.60052025903756
1 13 203.8119 42.155945 47.091778 57.84978944053006
1 13 84.10394 108.66119 90.299515 68.7812785619899
1 13 172.4659 55.60719 92.639465 57.10666758708252
1 13 91.54678 79.06361 34.88607 54.83375947133522
1 13 155.77426 164.85947 168.32059 62.25292385116499
1 13 21.211 182.13983 53.15993 60.028181035459454
1 13 62.241787 178.50621 51.021576 61.659941935977514
1 13 59.829628 18.94296 41.600777 59.404202680766005
1 13 35.429478 85.7605 155.4155 63.46779863061751
1 13 55.818237 12.058174 47.91226 60.53156141703164
1 13 176.94757 168.26485 109.60009 59.56393512556725
1 13 19.279736 14.169214 116.81072 59.986863399382
1 13 113.423225 152.89523 142.95506 68.31346630677787
1 13 78.00058 72.642296 57.8017 58.6226295246396
1 13 8.611847 113.299164 128.15347 61.83944672859404
1 13 64.26349 189.68492 40.957325 58.56381942226408
1 13 43.189007 83.51985 82.06683 57.52747477432002
1 13 106.10586 182.36163 90.240265 66.50360842452136
1 13 105.500824 23.76417 92.462326 61.490529680596545
1 13 147.69559 132.7018 156.91748 60.24701067194324
1 13 106.22073 1.2070214 118.072044 62.106812258120335
1 13 145.15791 94.33884 162.61058 59.24042635190568
1 13 168.47292 52.58742 59.620407 66.36184227187893
1 13 173.16544 29.211773 156.28647 62.37444605015091
1 13 182.51016 115.728745 167.89937 54.56959303819619
1 13 76.46466 156.11742 81.36678 61.20484585451199
1 13 184.78397 32.31083 0.22586401 61.4872964147647
1 13 99.96608 157.09946 153.71529 59.725341795845374
1 13 20.487452 119.343575 26.198263 60.68765146826344
1 13 148.02171 31.363724 163.98637 68.752448537852
1 13 189.11316 192.5664 84.2372 58.047538675349294
1 13 27.318842 167.83629 60.259098 57.50007842824403
1 13 144.8753 61.20062 132.34164 62.79137458998708
1 13 24.81714 43.06758 178.71054 64.45698333708674
1 13 55.25902 86.25758 152.75418 62.952297081562044
1 13 23.246231 50.990253 188.98436 63.500335978721004
1 13 14.831301 176.48941 14.350505 60.30492918217193
1 13 49.502674 53.000668 139.5047 63.811402345240126
1 13 100.36371 60.76017 39.35183 64.58620328122454
1 13 62.939636 139.3279 119.55695 60.06479195204644
1 13 10.007931 203.31561 5.424291 60.526145370859396
1 13 163.91434 33.76324 163.7134 59.69942150991087
1 13 140.19922 51.23022 67.09698 59.284182770696276
1 13 80.45563 56.93653 110.34073 63.90315735167934
