#k, Pk, shotnoise
0.04341288312123372 71990.42307692308 10929.090154378304
0.08702917279381502 66710.5592105263 10929.090154378304
0.1383580533618277 61867.19545454545 10929.090154378304
0.18816021908589495 59864.56910569106 10929.090154378304
0.23625913419086358 55453.72758620689 10929.090154378304
0.28659649923986236 52802.42398286938 10929.090154378304
0.336496845727412 53406.371740958784 10929.090154378304
0.38526394865674995 51508.52392947103 10929.090154378304
0.4353385396840001 51000.186311787074 10929.090154378304
0.48579519714601554 51672.65710964742 10929.090154378304
0.5357681057561946 53331.089974293056 10929.090154378304
0.5857795564823571 51535.93196917353 10929.090154378304
0.6358369352385822 51058.955414012744 10929.090154378304
0.6855912190764698 50166.93479968578 10929.090154378304
0.7357376365332933 51489.9702191735 10929.090154378304
0.785888316635595 50407.296650717704 10929.090154378304
0.8354508673961637 50046.11440677966 10929.090154378304
0.8853431150659767 49162.13513828918 10929.090154378304
0.9357076450136291 49305.19445019673 10929.090154378304
0.9855134011183664 48563.609933838336 10929.090154378304
1.0355603946178449 49336.253198653205 10929.090154378304
1.0856093068854897 48329.11833385927 10929.090154378304
1.1352793302749726 47966.6724345791 10929.090154378304
1.1855424738245635 48669.464730290456 10929.090154378304
1.235589962480957 47816.151489567 10929.090154378304
1.2854141752703863 47537.40787209238 10929.090154378304
1.335103210186715 47330.47948344095 10929.090154378304
1.3849150178231553 46695.411070953014 10929.090154378304
1.4353360222887381 47214.80181170573 10929.090154378304
1.485613306637673 46321.06169965075 10929.090154378304
1.535354716705412 46421.30993143976 10929.090154378304
1.5853718463791757 45956.628741213135 10929.090154378304
1.635383384573632 46034.13700895933 10929.090154378304
1.6851318639482276 45231.7310619555 10929.090154378304
1.735224381186698 45779.50860189 10929.090154378304
1.7852024682840006 45171.30798566971 10929.090154378304
1.8351534362292543 44436.48527935311 10929.090154378304
1.8852386227218252 43782.22456249032 10929.090154378304
1.9351796775515677 43586.22321231854 10929.090154378304
1.9852060540040126 44033.75432075823 10929.090154378304
2.0352229355666753 43603.751440475135 10929.090154378304
2.0851975909499876 43189.89232743568 10929.090154378304
2.1353618591114527 42705.50300312325 10929.090154378304
2.1852158606399072 42723.56603334626 10929.090154378304
2.235016101084209 42389.66088977545 10929.090154378304
2.2851621441693877 42174.67348224915 10929.090154378304
2.3350632002792198 41542.25549260042 10929.090154378304
2.3851032403022625 41596.553153383655 10929.090154378304
2.4352231747130406 41248.28768057536 10929.090154378304
2.485164951691251 41040.25964402685 10929.090154378304
2.5351776357427003 40756.94912736725 10929.090154378304
2.5852819577913158 40565.89436927106 10929.090154378304
2.635367029706435 40232.92187025471 10929.090154378304
2.685276266805426 40332.62353842226 10929.090154378304
2.7350574577609077 40091.458714693435 10929.090154378304
2.7849721239192875 39772.469541199935 10929.090154378304
2.8351149786725958 39443.27938570585 10929.090154378304
2.8853070427774172 39235.25702067 10929.090154378304
2.935323261063467 39217.41059998293 10929.090154378304
2.985188638080608 39116.62786188688 10929.090154378304
3.035129942492686 38841.873091954134 10929.090154378304
3.0852485783280996 38228.90542302677 10929.090154378304
3.1353289416304984 38251.96729512787 10929.090154378304
3.185162918877009 37784.28390026795 10929.090154378304
3.235126001934966 37799.91345012913 10929.090154378304
3.2851865492140133 37547.42672593297 10929.090154378304
3.3350534059974843 37293.670684858924 10929.090154378304
3.3850939970033616 37109.58806881419 10929.090154378304
3.43511475165383 36992.29066165167 10929.090154378304
3.4850854195331293 36523.582172198985 10929.090154378304
3.5352082343345357 36473.92635755384 10929.090154378304
3.585149270750284 36336.35542328137 10929.090154378304
3.635054437042299 36177.24478515679 10929.090154378304
3.685084700566753 35939.30006194619 10929.090154378304
3.73509944865768 35712.4926153745 10929.090154378304
3.785051007483472 35429.50119081154 10929.090154378304
3.835038522570464 35588.1991789134 10929.090154378304
3.8850978264484968 35276.35392482369 10929.090154378304
3.935166238680769 35068.14773453212 10929.090154378304
3.985142781648064 34897.107621893076 10929.090154378304
4.035189059350149 34873.33887229695 10929.090154378304
4.085190017250174 34537.32044989325 10929.090154378304
4.135083680485083 34300.872429929135 10929.090154378304
4.185096781549818 34098.45587145139 10929.090154378304
4.235143734713746 33943.515194858934 10929.090154378304
4.285212920650457 33821.66615534793 10929.090154378304
4.335156942132565 33625.57641801576 10929.090154378304
4.385075689502319 33628.26948485872 10929.090154378304
4.435182893855874 33317.41567766658 10929.090154378304
4.485134787079134 33321.57168867053 10929.090154378304
4.535153570409619 33081.249050466016 10929.090154378304
4.585195490118877 32963.95839316359 10929.090154378304
4.634988284169842 32723.237609004784 10929.090154378304
4.684988536401403 32551.72290815032 10929.090154378304
4.735055149526006 32480.270959922695 10929.090154378304
4.784992601884696 32258.105848288124 10929.090154378304
4.835102168559994 32268.130343498047 10929.090154378304
4.885240090770058 32089.926885416986 10929.090154378304
4.935164821322969 31984.624012143136 10929.090154378304
4.985095062831815 31851.012524155834 10929.090154378304
5.035126019612272 31651.549190032052 10929.090154378304
5.085108160495513 31534.14190799169 10929.090154378304
5.135080190698462 31327.423245080525 10929.090154378304
5.185025723828203 31287.391470340153 10929.090154378304
5.2350215730461525 31122.32918831559 10929.090154378304
5.285111848206311 30851.30897131851 10929.090154378304
5.335115651977223 30985.240903157184 10929.090154378304
5.385119770278601 30694.89429087373 10929.090154378304
5.4351926098243855 30639.657043736835 10929.090154378304
5.485189311357592 30613.96190017174 10929.090154378304
5.535152917170193 30506.37663954045 10929.090154378304
5.585120407661825 30357.9994823164 10929.090154378304
5.635126411356671 30151.069463939337 10929.090154378304
5.685141241486292 30092.561956447695 10929.090154378304
5.735061725145519 29975.66385353475 10929.090154378304
5.785052612665086 29891.487191829903 10929.090154378304
5.835135366980581 29822.70837676643 10929.090154378304
5.885165526969623 29663.930297247724 10929.090154378304
5.935080912247088 29532.789739197644 10929.090154378304
5.985070685813989 29603.766972065212 10929.090154378304
6.035090765810211 29408.210483324045 10929.090154378304
6.085074017002084 29238.948663672872 10929.090154378304
6.135033494954541 29116.88657262189 10929.090154378304
6.185012338373112 29019.620124558736 10929.090154378304
6.23505882513704 28967.211926337328 10929.090154378304
6.285031896066973 28887.92420416933 10929.090154378304
6.335021048604968 28717.028965794256 10929.090154378304
6.385063305227329 28673.257832710548 10929.090154378304
6.43503585825857 28627.478557092007 10929.090154378304
6.4850376659249 28505.341325283385 10929.090154378304
6.535059309715584 28375.44870252621 10929.090154378304
6.585042645027699 28286.421209002754 10929.090154378304
6.635028518249684 28115.415454628805 10929.090154378304
6.685039504422045 28140.29200900014 10929.090154378304
6.735099846881587 28021.952472496403 10929.090154378304
6.785067713678883 27990.511119532483 10929.090154378304
6.835084625409436 27949.680787009416 10929.090154378304
6.885145273527135 27705.200130004796 10929.090154378304
6.935115025047961 27714.97751609262 10929.090154378304
6.985075936387851 27546.553771252948 10929.090154378304
7.0350324326575215 27438.228234107562 10929.090154378304
7.084987528951054 27510.50901803607 10929.090154378304
7.135036875133114 27273.762127448656 10929.090154378304
7.185080507040008 27282.804454267014 10929.090154378304
7.235072949523245 27226.696630943527 10929.090154378304
7.285071412014761 27167.315401529504 10929.090154378304
7.335045756281506 26993.80723039299 10929.090154378304
7.385035590389558 26982.700684789863 10929.090154378304
7.435091746474697 26896.109519067577 10929.090154378304
7.485127553716961 26854.979799698893 10929.090154378304
7.5350614787025645 26827.75690250181 10929.090154378304
7.584996372640318 26728.06947295936 10929.090154378304
7.634990718623591 26570.661321511994 10929.090154378304
7.685077179311925 26524.874385426083 10929.090154378304
7.735105298615414 26448.40005031925 10929.090154378304
7.785068775939355 26358.18871689141 10929.090154378304
7.835045769748377 26332.429090082598 10929.090154378304
7.884988014238579 26178.05428369129 10929.090154378304
7.9349880402215 26149.158305516165 10929.090154378304
7.985032145561997 26070.654932328405 10929.090154378304
8.035019560441722 25957.360932465603 10929.090154378304
8.085048282127541 25940.03925003008 10929.090154378304
8.135043786635293 25840.594000910634 10929.090154378304
8.184993633281596 25767.3162719414 10929.090154378304
8.235040651637977 25783.136823685716 10929.090154378304
8.285081408042792 25679.64019424729 10929.090154378304
8.335067062853074 25618.954674090026 10929.090154378304
8.385069050276662 25556.35207770451 10929.090154378304
8.4350451812845 25515.462215916417 10929.090154378304
8.48500986073133 25480.096072948232 10929.090154378304
8.535005128459817 25318.308082003456 10929.090154378304
8.585031781666418 25280.34101834349 10929.090154378304
8.63508899183519 25218.98335601999 10929.090154378304
8.685094003563902 25115.052710909276 10929.090154378304
8.735056716539594 25124.260605790998 10929.090154378304
8.785060636469806 25059.972992849656 10929.090154378304
8.835061625192933 24951.967050946907 10929.090154378304
8.885071652692128 24946.109326548 10929.090154378304
8.935072808097303 24871.71632353685 10929.090154378304
8.984966565832924 24827.138076771163 10929.090154378304
9.034931405643807 24698.089436675 10929.090154378304
9.084976753380838 24635.71443156647 10929.090154378304
9.135020132730524 24619.466077333524 10929.090154378304
9.18500566388272 24550.18796540642 10929.090154378304
9.235029287035493 24506.200767964896 10929.090154378304
9.285089505841155 24441.90303771488 10929.090154378304
9.335043784012097 24361.845054398662 10929.090154378304
9.38499880970139 24284.332022655504 10929.090154378304
9.43500091110014 24236.045383210272 10929.090154378304
9.485018067277219 24172.202626335882 10929.090154378304
9.53502459509746 24121.765227250966 10929.090154378304
9.585065075434208 24082.495037354318 10929.090154378304
9.63509479314611 24008.163398150675 10929.090154378304
9.68502694156073 23981.26043251153 10929.090154378304
9.734994148685924 23855.51813821914 10929.090154378304
9.785030224657293 23872.28161900316 10929.090154378304
9.834986898964573 23739.202916155773 10929.090154378304
9.884961064842653 23774.502834915365 10929.090154378304
9.934947823711603 23679.581417361784 10929.090154378304
9.98497155826544 23638.424576454658 10929.090154378304
10.035068394450732 23567.36531217804 10929.090154378304
10.08504736388683 23489.95130516149 10929.090154378304
10.134982083234746 23436.472488627678 10929.090154378304
10.18496034842464 23373.27524898092 10929.090154378304
10.2349878558534 23325.01023999301 10929.090154378304
10.284994612678187 23315.469231223084 10929.090154378304
10.334928010572039 23264.708975418496 10929.090154378304
10.38498929895474 23160.897674052336 10929.090154378304
10.43509244535989 23105.717006463943 10929.090154378304
10.485055266658426 23054.39330638985 10929.090154378304
10.535034794290171 22986.289274964354 10929.090154378304
10.585035508055494 22942.059316983727 10929.090154378304
10.634983143687723 22897.955534065808 10929.090154378304
10.685006381276768 22841.484291687568 10929.090154378304
10.735006676672405 22755.1078513213 10929.090154378304
10.78497933015745 22700.07767923023 10929.090154378304
10.835032087986589 22647.06995312339 10929.090154378304
10.885044718709993 22606.913758559873 10929.090154378304
10.935053165032283 22568.937161274116 10929.090154378304
10.985022983212868 22491.194926774024 10929.090154378304
11.035012257832694 22450.640091761245 10929.090154378304
11.08507124971218 22402.154362836474 10929.090154378304
11.135067244649639 22342.03612850555 10929.090154378304
11.185067878039797 22270.28326547288 10929.090154378304
11.23511991731726 22260.13972710004 10929.090154378304
11.285070988027377 22198.343504241166 10929.090154378304
11.335008945269172 22110.262787218377 10929.090154378304
11.385056995381284 22060.044830557556 10929.090154378304
11.435040998762563 22022.383570240716 10929.090154378304
11.484997589541514 21966.13891004932 10929.090154378304
11.535002709712735 21941.569443450004 10929.090154378304
11.585007015607772 21896.990119158752 10929.090154378304
11.635012760441734 21855.656278307117 10929.090154378304
11.685022160997386 21770.01287746015 10929.090154378304
11.735004678002431 21770.29561566114 10929.090154378304
11.78503557903781 21721.07101417965 10929.090154378304
11.835056122566366 21641.397220455634 10929.090154378304
11.885062035960958 21612.637989171424 10929.090154378304
11.93504307114818 21555.15140009492 10929.090154378304
11.984987877224366 21519.278648237407 10929.090154378304
12.035019985816996 21473.6567471704 10929.090154378304
12.085027452056854 21402.57057588151 10929.090154378304
12.135029717749141 21410.016613677588 10929.090154378304
12.185049514602692 21344.999599962466 10929.090154378304
12.235030581725168 21322.16899814021 10929.090154378304
12.284990531781895 21271.79912518808 10929.090154378304
12.334984786037579 21195.880311487705 10929.090154378304
12.385007580463888 21156.83098175102 10929.090154378304
12.435022470221394 21077.58374142533 10929.090154378304
12.485036408135507 21038.80677188272 10929.090154378304
12.535033996836317 21051.96033609876 10929.090154378304
12.585036890399214 20985.20552661843 10929.090154378304
12.635069047983198 20943.69385814488 10929.090154378304
12.685056982524817 20917.929804849977 10929.090154378304
12.735021291521845 20883.153962663386 10929.090154378304
12.785040512014115 20818.489980475806 10929.090154378304
12.835044578857659 20804.7783060147 10929.090154378304
12.885017981448232 20780.76211009985 10929.090154378304
12.935051764874233 20695.746915257685 10929.090154378304
12.985073048588127 20687.62230829253 10929.090154378304
13.035029302238987 20606.399913654466 10929.090154378304
13.085027477840555 20585.888959694716 10929.090154378304
13.135068585086897 20537.96468378209 10929.090154378304
13.18501218073689 20559.561444598094 10929.090154378304
13.234989624488328 20523.032830334483 10929.090154378304
13.285021553250672 20467.528642517147 10929.090154378304
13.335000383135688 20428.853102154524 10929.090154378304
13.385018724677195 20383.903836279464 10929.090154378304
13.435036149096648 20369.470408981557 10929.090154378304
13.485038568431213 20346.0851963664 10929.090154378304
13.535067000966054 20290.167893584912 10929.090154378304
13.585031501086242 20237.600860249313 10929.090154378304
13.63500648429956 20243.196821301066 10929.090154378304
13.685031173330934 20181.782660213914 10929.090154378304
13.735011391815984 20152.084680168136 10929.090154378304
13.785041625191285 20129.496350533736 10929.090154378304
13.835082307117508 20088.550329377482 10929.090154378304
13.885019065535845 20062.85905454795 10929.090154378304
13.93502104570284 20016.8962523407 10929.090154378304
13.98506755194598 19983.601815658178 10929.090154378304
14.035048957435784 19913.50923038488 10929.090154378304
14.085069252126342 19914.164041851745 10929.090154378304
14.13502803225048 19869.726244378206 10929.090154378304
14.185020156527225 19881.856670237514 10929.090154378304
14.235047520057522 19822.305069156133 10929.090154378304
14.285006525274104 19766.741898847788 10929.090154378304
14.335032199112426 19756.54481338738 10929.090154378304
14.385049475481349 19735.480915272394 10929.090154378304
14.435012365485335 19720.456628277007 10929.090154378304
14.485028103928473 19673.562615112543 10929.090154378304
14.53505635862945 19621.10668472991 10929.090154378304
14.585049384521781 19641.638717681988 10929.090154378304
14.635041978996163 19594.226831784992 10929.090154378304
14.68505834422733 19563.21553679144 10929.090154378304
14.735057544034026 19542.205573370546 10929.090154378304
14.785042938101077 19503.75802215715 10929.090154378304
14.835018367671536 19502.663266288535 10929.090154378304
14.88501593350004 19459.840317486567 10929.090154378304
14.93505667728631 19426.903163147268 10929.090154378304
14.985037780412144 19380.18487498697 10929.090154378304
15.035029326405246 19338.28056573851 10929.090154378304
15.085017146241915 19352.90299276648 10929.090154378304
15.13502949271832 19295.511514746955 10929.090154378304
15.185074956445542 19270.073722296886 10929.090154378304
15.235014583768137 19242.187339135693 10929.090154378304
15.284985196983703 19211.251851933142 10929.090154378304
15.335007327706704 19174.92684356401 10929.090154378304
15.385016900175769 19159.65743467711 10929.090154378304
15.435055354503296 19139.79044445401 10929.090154378304
15.485075423957477 19129.421482750182 10929.090154378304
15.535067008375348 19092.859505199383 10929.090154378304
15.585056137305994 19049.440834806137 10929.090154378304
15.635080645911344 19018.409488310874 10929.090154378304
15.68507631747311 18996.561243971286 10929.090154378304
15.735017638740556 18968.912052889464 10929.090154378304
15.785017494429317 18942.476412804313 10929.090154378304
15.835053471498941 18934.212852890418 10929.090154378304
15.885053081647781 18900.988557387846 10929.090154378304
15.9350229094531 18885.7792685433 10929.090154378304
15.98504512334694 18858.400914516224 10929.090154378304
16.03501691210065 18826.948911422427 10929.090154378304
16.084990984877102 18809.662240356294 10929.090154378304
16.13503138072936 18787.66234472039 10929.090154378304
16.185013797989402 18771.486715865994 10929.090154378304
16.235042563750063 18729.762671577835 10929.090154378304
16.28504481368448 18714.69737729295 10929.090154378304
16.335016904427594 18693.30136407406 10929.090154378304
16.385036564505228 18664.082077385847 10929.090154378304
16.435023196441776 18639.506013790033 10929.090154378304
16.4850210306131 18631.68729227943 10929.090154378304
16.535020361552483 18618.217414492286 10929.090154378304
16.585006008896602 18580.737521640483 10929.090154378304
16.635020340269822 18543.70408551113 10929.090154378304
16.68501233613687 18532.434651513395 10929.090154378304
16.735008190469486 18498.1129944131 10929.090154378304
16.78501872464632 18464.05386020247 10929.090154378304
16.834996753306825 18464.190906573283 10929.090154378304
16.884989565692962 18419.758322103713 10929.090154378304
16.93501590895783 18399.589580616357 10929.090154378304
16.984997004714455 18404.87282169167 10929.090154378304
17.03499519696678 18389.787381803777 10929.090154378304
17.08505495150239 18365.17852017622 10929.090154378304
17.13503678656837 18342.15062608954 10929.090154378304
17.185008766760685 18325.83467330417 10929.090154378304
17.23503159853936 18290.11393068639 10929.090154378304
17.285012193401585 18271.09329351421 10929.090154378304
17.335003675890864 18275.703364343106 10929.090154378304
17.385007421339544 18221.46933693511 10929.090154378304
17.435019126105797 18229.88053026317 10929.090154378304
17.485026664977102 18203.615925373364 10929.090154378304
17.535014582832556 18176.075884437105 10929.090154378304
17.585038663685136 18164.993800595294 10929.090154378304
17.63501481642067 18133.627615388792 10929.090154378304
17.684978864140014 18135.15601285729 10929.090154378304
17.73500931212016 18089.49384465452 10929.090154378304
17.78502599493798 18069.266033411128 10929.090154378304
17.83500792706245 18027.43999204477 10929.090154378304
17.88501913393329 18039.861124248633 10929.090154378304
17.935001270241173 18010.956972756554 10929.090154378304
17.985000833056873 17996.47478744307 10929.090154378304
18.035033484505615 17979.13752189606 10929.090154378304
18.085035027115296 17958.717706528547 10929.090154378304
18.13503126803246 17931.369580467544 10929.090154378304
18.185028824969685 17906.508734709616 10929.090154378304
18.23502445489192 17896.338597903272 10929.090154378304
18.28500348105777 17883.510740349044 10929.090154378304
18.33501216664384 17862.573725303053 10929.090154378304
18.385048330486512 17847.487178125357 10929.090154378304
18.43504278413665 17816.77016358894 10929.090154378304
18.485015882402863 17800.587281049913 10929.090154378304
18.53503326548818 17775.54582236537 10929.090154378304
18.585028096210003 17756.041860005505 10929.090154378304
18.635001851057716 17743.83544348225 10929.090154378304
18.685027340496653 17745.83395878817 10929.090154378304
18.735024599574796 17714.35114465514 10929.090154378304
18.785006460729143 17705.872580611234 10929.090154378304
18.835011350453133 17682.661682737496 10929.090154378304
18.88503812543086 17659.15936805822 10929.090154378304
18.935078806133408 17660.386390908738 10929.090154378304
18.985077941711406 17634.915893404264 10929.090154378304
19.035043966062915 17622.450458559768 10929.090154378304
19.085038130542827 17611.32807578277 10929.090154378304
19.13503797189765 17582.6495382407 10929.090154378304
19.18502414041585 17561.392411121247 10929.090154378304
19.23503623227649 17542.36926928989 10929.090154378304
19.285006824296723 17525.022997027514 10929.090154378304
19.335003321220242 17510.128373318254 10929.090154378304
19.385041358278208 17488.444714103724 10929.090154378304
19.435022823772826 17458.13245712035 10929.090154378304
19.485004447028455 17454.014710760643 10929.090154378304
19.535017599431832 17426.4028852809 10929.090154378304
19.58500318432275 17421.372359702636 10929.090154378304
19.634998641060744 17398.091879237483 10929.090154378304
19.685009229334668 17376.91255357344 10929.090154378304
19.735004960710366 17368.312131996117 10929.090154378304
19.785037163786352 17338.617148101494 10929.090154378304
19.83503017376143 17334.593311923414 10929.090154378304
19.885024104732004 17330.69072998508 10929.090154378304
19.935024364869008 17306.379297257015 10929.090154378304
19.98500616368383 17295.177768486028 10929.090154378304
20.035031840170017 17285.752186700698 10929.090154378304
20.085015726665734 17262.0869430724 10929.090154378304
20.135003320410636 17259.602754935317 10929.090154378304
20.185028046890757 17231.52368452538 10929.090154378304
20.235013433787046 17212.100071500125 10929.090154378304
20.284998787412462 17224.60615359879 10929.090154378304
20.335035434933673 17198.43481818013 10929.090154378304
20.385036574054574 17187.700315963753 10929.090154378304
20.43501797804506 17167.733041112628 10929.090154378304
20.48503677952185 17136.106620471914 10929.090154378304
20.535053734567366 17126.136391891654 10929.090154378304
20.585040055137874 17106.7967171575 10929.090154378304
20.635000466393215 17096.439874881657 10929.090154378304
20.685013784554602 17090.993452169947 10929.090154378304
20.735039576366667 17068.53808224506 10929.090154378304
20.785013396883116 17066.035513008013 10929.090154378304
20.83499934732452 17042.646123710296 10929.090154378304
20.885018826957428 17038.870917772452 10929.090154378304
20.935026112750414 17006.482339951923 10929.090154378304
20.985038539064178 17009.36791137408 10929.090154378304
21.03503148817928 16983.265514281804 10929.090154378304
21.084994599398737 16958.590973080958 10929.090154378304
21.13500579352836 16953.392160737112 10929.090154378304
21.1850142366415 16933.78900754724 10929.090154378304
21.235006371756423 16922.3515589745 10929.090154378304
21.28500840621597 16916.79381574314 10929.090154378304
21.33498717488422 16898.724893545754 10929.090154378304
21.384995441415512 16891.50985492594 10929.090154378304
21.435015152898156 16863.262115953003 10929.090154378304
21.485030774360574 16858.13045972097 10929.090154378304
21.535019488223085 16841.533311647145 10929.090154378304
21.584992491428366 16846.975942297388 10929.090154378304
21.63500474473261 16823.24974669817 10929.090154378304
21.68502606878198 16814.237334418118 10929.090154378304
21.734998503223473 16795.31364770063 10929.090154378304
21.784983722847944 16797.41142204005 10929.090154378304
21.835016288625095 16776.116794828933 10929.090154378304
21.885011296860547 16783.756890044766 10929.090154378304
21.935003956266502 16764.85284503858 10929.090154378304
21.98500350011211 16742.845255217533 10929.090154378304
22.03500875266101 16728.126407400494 10929.090154378304
22.08500932753569 16713.0081492407 10929.090154378304
22.135004234629243 16698.302186254197 10929.090154378304
22.1850004699001 16677.898759359392 10929.090154378304
22.2349965393273 16660.754828206867 10929.090154378304
22.285009423470928 16664.73019403848 10929.090154378304
22.335001781870588 16637.32045497834 10929.090154378304
22.384992405845693 16634.2508359137 10929.090154378304
22.434995199951096 16627.67469062278 10929.090154378304
22.485011279851193 16614.459620560076 10929.090154378304
22.535013235708373 16602.803570525684 10929.090154378304
22.585015609926792 16587.06384552692 10929.090154378304
22.63501775945523 16584.08741181887 10929.090154378304
22.685011097642025 16572.879287856224 10929.090154378304
22.735022608586203 16554.20516445095 10929.090154378304
22.78501325049037 16540.68360356746 10929.090154378304
22.835003195941283 16545.576123037685 10929.090154378304
22.88500300594061 16533.876775552268 10929.090154378304
22.935011258951786 16505.462283869576 10929.090154378304
22.98501863096653 16501.99655763173 10929.090154378304
23.0349906187688 16507.40317712355 10929.090154378304
23.08496183656522 16482.116710616207 10929.090154378304
23.13498003805497 16477.75014444362 10929.090154378304
23.18500981382652 16471.97655126615 10929.090154378304
23.235015213300635 16450.956942352426 10929.090154378304
23.285010037997267 16454.812835367462 10929.090154378304
23.335016359871542 16431.822163482924 10929.090154378304
23.38502484387048 16436.84040763618 10929.090154378304
23.435020808100347 16417.733788295645 10929.090154378304
23.485001466784556 16408.044122703468 10929.090154378304
23.535001683520306 16399.101731836174 10929.090154378304
23.585019482826823 16398.264530236152 10929.090154378304
23.635009817692215 16387.47948740126 10929.090154378304
23.685008373019823 16377.41949136624 10929.090154378304
23.735027582873165 16351.959079656517 10929.090154378304
23.78503256470155 16346.386735082242 10929.090154378304
23.835031207342187 16336.210800329101 10929.090154378304
23.88503019084897 16333.89267580453 10929.090154378304
23.935009007664057 16328.568023534937 10929.090154378304
23.985002831511764 16317.32136714241 10929.090154378304
24.034977193208505 16291.892412828525 10929.090154378304
24.084979858450623 16303.200031298471 10929.090154378304
24.135021399406153 16279.790727104879 10929.090154378304
24.185021034159707 16269.174768373608 10929.090154378304
24.23501292736868 16268.266088273616 10929.090154378304
24.285023713868735 16256.12896252797 10929.090154378304
24.33501358675616 16257.292771044578 10929.090154378304
24.385010459934268 16253.466206383822 10929.090154378304
24.435011913312415 16229.819556495593 10929.090154378304
24.485009250293245 16224.213369083047 10929.090154378304
24.535016722856383 16223.282653903689 10929.090154378304
24.584995057508554 16213.400143937815 10929.090154378304
24.635012158902658 16213.630069336275 10929.090154378304
24.685034691358126 16207.648118861265 10929.090154378304
24.735035106616554 16186.071294197181 10929.090154378304
24.78502283439363 16181.032406633254 10929.090154378304
24.835011598489665 16173.874606842794 10929.090154378304
24.88502325534942 16159.268589744821 10929.090154378304
24.935027474193532 16145.365286636223 10929.090154378304
24.98500846063419 16130.63305870087 10929.090154378304
25.03501043822399 16134.782655506902 10929.090154378304
25.08500820003941 16128.357023251476 10929.090154378304
25.135013643593453 16115.005379526845 10929.090154378304
25.185022746951862 16099.336767197325 10929.090154378304
25.235011898580808 16091.329240011739 10929.090154378304
25.28502355332711 16088.612355945415 10929.090154378304
25.335023729877907 16087.25154993069 10929.090154378304
25.385017186403612 16063.878107998024 10929.090154378304
25.435011709096777 16060.318692696836 10929.090154378304
25.484993554295382 16043.674874621607 10929.090154378304
25.53500016225883 16038.613724912791 10929.090154378304
25.585029583837997 16036.438081757344 10929.090154378304
25.63502375540807 16030.317919433235 10929.090154378304
25.685021021936222 16027.555533213139 10929.090154378304
25.735036876020544 16002.953444022256 10929.090154378304
25.785006346557154 15993.563731718346 10929.090154378304
25.835000282710485 16003.839175780882 10929.090154378304
25.885030789680812 15971.120440813675 10929.090154378304
25.935007032325473 15969.664111874974 10929.090154378304
25.98499416361709 15974.463693049936 10929.090154378304
26.035014055755237 15953.830917722922 10929.090154378304
26.085027930348918 15948.012143863167 10929.090154378304
26.135034622437313 15938.392885514671 10929.090154378304
26.185033040410637 15933.277448238587 10929.090154378304
26.235031004141227 15932.692185582673 10929.090154378304
26.28503278569175 15921.667294924693 10929.090154378304
26.335019717976817 15918.561429495752 10929.090154378304
26.385007524584132 15909.158089331504 10929.090154378304
26.435027445829057 15891.56047949712 10929.090154378304
26.48502874896273 15877.363269688773 10929.090154378304
26.53502591406861 15876.198671739889 10929.090154378304
26.585033854886976 15865.953290271305 10929.090154378304
26.635020461918803 15870.809200921525 10929.090154378304
26.685018612351012 15851.583689465106 10929.090154378304
26.735012423492975 15845.331223378627 10929.090154378304
26.78500763081469 15834.451555210679 10929.090154378304
26.83501405251716 15831.572053535563 10929.090154378304
26.88500549083458 15814.169251192134 10929.090154378304
26.93500274680718 15803.053795407382 10929.090154378304
26.985017968113926 15797.738937677905 10929.090154378304
27.035023440384837 15799.53979505576 10929.090154378304
27.08501388446697 15792.038071624243 10929.090154378304
27.135019022440712 15776.793787462955 10929.090154378304
27.185034746936005 15765.807100350643 10929.090154378304
27.23501869071011 15759.210154545262 10929.090154378304
27.28500583054271 15764.09929384187 10929.090154378304
27.33500587487881 15756.852717718766 10929.090154378304
27.385015063295434 15740.958814445406 10929.090154378304
27.435019828050528 15730.733168115117 10929.090154378304
27.48500614083683 15720.367405221492 10929.090154378304
27.535023011127258 15725.24773016159 10929.090154378304
27.585034221494823 15707.31800178631 10929.090154378304
27.635029764976675 15689.169810025744 10929.090154378304
27.685031954139806 15691.17922109726 10929.090154378304
27.735033013527513 15676.317316974693 10929.090154378304
27.785024955269275 15680.576775987178 10929.090154378304
27.835013772923205 15665.967425182847 10929.090154378304
27.885011712725802 15647.829913727088 10929.090154378304
27.935008293126145 15655.965557132733 10929.090154378304
27.985012100425124 15636.285098732596 10929.090154378304
28.035024039176285 15636.454025800078 10929.090154378304
28.085023898510894 15627.347737161132 10929.090154378304
28.135026332940136 15606.950653433441 10929.090154378304
28.185025692888782 15609.766416207625 10929.090154378304
28.23500973080711 15605.565086513228 10929.090154378304
28.285016023042715 15601.299756053133 10929.090154378304
28.335028900813505 15593.31367382817 10929.090154378304
28.385020999487384 15579.894305647409 10929.090154378304
28.43502363380337 15577.055592474768 10929.090154378304
28.485023444445215 15568.528537995153 10929.090154378304
28.535018735364076 15567.450297214238 10929.090154378304
28.585029168360432 15549.476677505889 10929.090154378304
28.635026877050674 15542.212031390593 10929.090154378304
28.685014219868297 15535.208567666623 10929.090154378304
28.735003735421113 15532.809192486337 10929.090154378304
28.785001402228147 15524.388447225036 10929.090154378304
28.835030137959745 15519.348339387478 10929.090154378304
28.88504442661258 15506.668117568777 10929.090154378304
28.935034268847293 15493.608557621748 10929.090154378304
28.985047861064913 15517.309642690954 10929.090154378304
29.03503970608606 15494.366733213124 10929.090154378304
29.085002141018837 15494.43925781053 10929.090154378304
29.135016393492272 15479.561851509787 10929.090154378304
29.18502565548513 15475.250330472041 10929.090154378304
29.235003854565072 15471.412444545396 10929.090154378304
29.28501720803456 15457.726540418798 10929.090154378304
29.335021485741148 15452.030623204 10929.090154378304
29.385023747266885 15444.02014953847 10929.090154378304
29.435031239261974 15439.654602615801 10929.090154378304
29.485039496503234 15434.946256670433 10929.090154378304
29.535056723947616 15431.054248445384 10929.090154378304
29.585039430842237 15424.707891801887 10929.090154378304
29.635029330827404 15410.056035516269 10929.090154378304
29.685030510089145 15394.296662954906 10929.090154378304
29.735014592664193 15386.718921234713 10929.090154378304
29.785029500831296 15387.354483838559 10929.090154378304
29.83505016925299 15385.00625947157 10929.090154378304
29.88504266015853 15376.849949375855 10929.090154378304
29.935034572161452 15378.387935143008 10929.090154378304
29.985027198796583 15366.522441964376 10929.090154378304
30.035012506856845 15361.534362774044 10929.090154378304
30.085013520559762 15351.25160577634 10929.090154378304
30.135023831955223 15348.826058160752 10929.090154378304
30.185015356792164 15346.22956591576 10929.090154378304
30.235007864807404 15331.407979236654 10929.090154378304
30.285021499954976 15325.653526139413 10929.090154378304
30.33502977586886 15310.905420293817 10929.090154378304
30.385016966007974 15308.31411912236 10929.090154378304
30.43501980656682 15301.195288466377 10929.090154378304
30.485021907134463 15303.915788410171 10929.090154378304
30.535009053385746 15296.943202079428 10929.090154378304
30.58501970980405 15295.636147889927 10929.090154378304
30.635026727727194 15288.873812726843 10929.090154378304
30.685014544116957 15273.152316984588 10929.090154378304
30.735019935550714 15265.533102937565 10929.090154378304
30.785017626929644 15267.231318846969 10929.090154378304
30.83499034241288 15253.716746057258 10929.090154378304
30.88500597954971 15242.52834231086 10929.090154378304
30.9350200177471 15234.941510908473 10929.090154378304
30.985016244295117 15242.394259359615 10929.090154378304
31.035017868901495 15234.200195325515 10929.090154378304
31.08500823847495 15230.150259263924 10929.090154378304
31.135019940244188 15215.70928224845 10929.090154378304
31.185016552193744 15209.353875681038 10929.090154378304
31.235004554291066 15198.79579976013 10929.090154378304
31.28502030240842 15203.308887961102 10929.090154378304
31.335003718077246 15181.945305933607 10929.090154378304
31.384995054077347 15182.106364004489 10929.090154378304
31.43501934226396 15181.514677700332 10929.090154378304
31.485029607559692 15174.085215797839 10929.090154378304
31.53503796523134 15168.116962584214 10929.090154378304
31.585031521224742 15156.671883656254 10929.090154378304
31.6350193937159 15149.66212293151 10929.090154378304
31.685017346785276 15142.83556424556 10929.090154378304
31.73501706418033 15141.214777026295 10929.090154378304
31.785008744571766 15139.334371919373 10929.090154378304
31.835015676032306 15129.154344601819 10929.090154378304
31.885019726904996 15124.781350404604 10929.090154378304
31.93501246506677 15115.25731411733 10929.090154378304
31.985014697381967 15115.084481601898 10929.090154378304
32.035002635415 15111.327181618755 10929.090154378304
32.08500244541776 15100.830644458654 10929.090154378304
32.1350160672886 15101.235776017062 10929.090154378304
32.18500866515195 15097.503256880276 10929.090154378304
32.2350016845045 15079.91936582079 10929.090154378304
32.285012573735315 15086.080667832504 10929.090154378304
32.335022555111664 15069.851344053812 10929.090154378304
32.3850256395378 15061.723988307474 10929.090154378304
32.435018449676335 15058.180704270226 10929.090154378304
32.485007580765725 15055.646836234318 10929.090154378304
32.535017802366085 15045.655729867842 10929.090154378304
32.585014160927166 15034.869140196402 10929.090154378304
32.63501087710874 15024.792479968399 10929.090154378304
32.68501952700847 15028.610240589687 10929.090154378304
32.735005210150334 15024.401168610773 10929.090154378304
32.785009632216 15018.951949877102 10929.090154378304
32.835020792478936 15005.606189163862 10929.090154378304
32.885012204971794 15000.887733176725 10929.090154378304
32.93501976646757 14999.323362000465 10929.090154378304
32.98502495767602 14999.187165169884 10929.090154378304
33.035012441003175 14993.75977764996 10929.090154378304
33.08500641093955 14985.17340363681 10929.090154378304
33.135004775347134 14976.999929961976 10929.090154378304
33.185009335196796 14966.86556577399 10929.090154378304
33.23501695941841 14961.361395176114 10929.090154378304
33.284999336258906 14960.545377975042 10929.090154378304
33.335001638215346 14955.952563666428 10929.090154378304
33.38502197587026 14956.161305717347 10929.090154378304
33.43502100630072 14948.70772665391 10929.090154378304
33.48502383926718 14944.069428568113 10929.090154378304
33.53501631116261 14938.199380189122 10929.090154378304
33.58500285966453 14923.62667772826 10929.090154378304
33.63499031333172 14923.049337819935 10929.090154378304
33.68499758905894 14922.164020304317 10929.090154378304
33.735021356205 14916.461570318595 10929.090154378304
33.78502001899818 14909.220201220547 10929.090154378304
33.835016461542395 14899.586672513502 10929.090154378304
33.8850145737429 14891.045063270763 10929.090154378304
33.935005794013044 14882.368249673313 10929.090154378304
33.98501067757955 14885.185540362378 10929.090154378304
34.035007884851964 14874.58951800021 10929.090154378304
34.084994853111745 14865.011905628957 10929.090154378304
34.13500516088593 14855.811858056233 10929.090154378304
34.18501665160975 14852.954354727077 10929.090154378304
34.23501616259434 14850.441995567066 10929.090154378304
34.28502424515663 14843.86045970624 10929.090154378304
34.335010251606185 14830.33599370696 10929.090154378304
34.38500747288221 14839.617143400324 10929.090154378304
34.43500700426738 14827.387630702951 10929.090154378304
