#k, Pk, shotnoise
0.04341288312123372 11214.63701923077 304.0903879154701
0.08702917279381502 6379.2421875 304.0903879154701
0.1383580533618277 3536.796590909091 304.0903879154701
0.18816021908589495 2686.122120596206 304.0903879154701
0.23625913419086358 1700.4924568965516 304.0903879154701
0.28659649923986236 1339.5615631691649 304.0903879154701
0.336496845727412 1143.5602396972245 304.0903879154701
0.38526394865674995 942.4626889168766 304.0903879154701
0.4353385396840001 809.768060836502 304.0903879154701
0.48579519714601554 727.1745931809377 304.0903879154701
0.5357681057561946 654.031611503856 304.0903879154701
0.5857795564823571 601.6732660111612 304.0903879154701
0.6358369352385822 564.6727138307552 304.0903879154701
0.6855912190764698 529.1225451688924 304.0903879154701
0.7357376365332933 498.7145307010206 304.0903879154701
0.785888316635595 481.0884793660287 304.0903879154701
0.8354508673961637 447.6956435381356 304.0903879154701
0.8853431150659767 440.38111214844207 304.0903879154701
0.9357076450136291 417.1850797266515 304.0903879154701
0.9855134011183664 411.2891935947838 304.0903879154701
1.0355603946178449 397.6135942760943 304.0903879154701
1.0856093068854897 385.8003707794257 304.0903879154701
1.1352793302749726 379.77703708956807 304.0903879154701
1.1855424738245635 369.92877982365144 304.0903879154701
1.235589962480957 362.9171993728139 304.0903879154701
1.2854141752703863 356.0443290956531 304.0903879154701
1.335103210186715 351.6491876692356 304.0903879154701
1.3849150178231553 344.38959958151037 304.0903879154701
1.4353360222887381 341.82988874719666 304.0903879154701
1.485613306637673 338.7852777315816 304.0903879154701
1.535354716705412 334.15490695396664 304.0903879154701
1.5853718463791757 334.2817957823031 304.0903879154701
1.635383384573632 326.10168849069606 304.0903879154701
1.6851318639482276 324.81772840625706 304.0903879154701
1.735224381186698 323.30003634601405 304.0903879154701
1.7852024682840006 321.8144285218999 304.0903879154701
1.8351534362292543 320.72010419775864 304.0903879154701
1.8852386227218252 319.1136492695266 304.0903879154701
1.9351796775515677 314.90726823178045 304.0903879154701
1.9852060540040126 314.17217989221336 304.0903879154701
2.0352229355666753 312.5705389593121 304.0903879154701
2.0851975909499876 311.7751667262744 304.0903879154701
2.1353618591114527 310.1364619203972 304.0903879154701
2.1852158606399072 311.3569018999612 304.0903879154701
2.235016101084209 305.6142049301832 304.0903879154701
2.2851621441693877 305.8355157201877 304.0903879154701
2.3350632002792198 303.96404228329806 304.0903879154701
2.3851032403022625 304.9672508635026 304.0903879154701
2.4352231747130406 304.63857027714056 304.0903879154701
2.485164951691251 303.8472368362553 304.0903879154701
2.5351776357427003 303.83624210917196 304.0903879154701
2.5852819577913158 304.27152444347445 304.0903879154701
2.635367029706435 303.4625328456551 304.0903879154701
2.685276266805426 302.9692621904519 304.0903879154701
2.7350574577609077 302.1328363350064 304.0903879154701
2.7849721239192875 300.4549993508103 304.0903879154701
2.8351149786725958 301.05481848334773 304.0903879154701
2.8853070427774172 303.24500246724057 304.0903879154701
2.935323261063467 303.2994367158829 304.0903879154701
2.985188638080608 301.92502372014354 304.0903879154701
3.035129942492686 301.43445272023945 304.0903879154701
3.0852485783280996 304.4859822044949 304.0903879154701
3.1353289416304984 301.8160164271047 304.0903879154701
3.185162918877009 301.3906535264998 304.0903879154701
3.235126001934966 300.51169121239616 304.0903879154701
3.2851865492140133 300.59768317454376 304.0903879154701
3.3350534059974843 301.3259372102265 304.0903879154701
3.3850939970033616 300.87420103666483 304.0903879154701
3.43511475165383 300.24674402453394 304.0903879154701
3.4850854195331293 299.137048963255 304.0903879154701
3.5352082343345357 299.8751152950822 304.0903879154701
3.585149270750284 300.9362627613985 304.0903879154701
3.635054437042299 301.5882009832514 304.0903879154701
3.685084700566753 300.68684855503784 304.0903879154701
3.73509944865768 299.2003157790862 304.0903879154701
3.785051007483472 300.80222284821633 304.0903879154701
3.835038522570464 299.8389723334932 304.0903879154701
3.8850978264484968 300.1549814603883 304.0903879154701
3.935166238680769 300.0992310422335 304.0903879154701
3.985142781648064 301.50149386561566 304.0903879154701
4.035189059350149 301.58491455774373 304.0903879154701
4.085190017250174 300.733211542271 304.0903879154701
4.135083680485083 301.86402196279005 304.0903879154701
4.185096781549818 300.8435845766729 304.0903879154701
4.235143734713746 302.2537942449057 304.0903879154701
4.285212920650457 301.51363627308405 304.0903879154701
4.335156942132565 300.3947120849829 304.0903879154701
4.385075689502319 301.18131964823334 304.0903879154701
4.435182893855874 300.70445329067303 304.0903879154701
4.485134787079134 301.3961701387936 304.0903879154701
4.535153570409619 300.67423339257306 304.0903879154701
4.585195490118877 300.56747101880717 304.0903879154701
4.634988284169842 300.6322876869571 304.0903879154701
4.684988536401403 301.4001139440011 304.0903879154701
4.735055149526006 300.5144373290532 304.0903879154701
4.784992601884696 299.94215389051527 304.0903879154701
4.835102168559994 302.31465076528025 304.0903879154701
4.885240090770058 300.8009453942724 304.0903879154701
4.935164821322969 300.79659871394534 304.0903879154701
4.985095062831815 302.70958415082094 304.0903879154701
5.035126019612272 301.3699286766192 304.0903879154701
5.085108160495513 301.60893450045273 304.0903879154701
5.135080190698462 301.17819930908405 304.0903879154701
5.185025723828203 301.5992924391385 304.0903879154701
5.2350215730461525 301.0371181663973 304.0903879154701
5.285111848206311 300.38953892113574 304.0903879154701
5.335115651977223 301.18759045270673 304.0903879154701
5.385119770278601 300.6965613911023 304.0903879154701
5.4351926098243855 301.5590880931731 304.0903879154701
5.485189311357592 301.84691129054397 304.0903879154701
5.535152917170193 302.41744853997125 304.0903879154701
5.585120407661825 300.9841871190908 304.0903879154701
5.635126411356671 301.02833492334787 304.0903879154701
5.685141241486292 302.3436499466382 304.0903879154701
5.735061725145519 302.1944662354377 304.0903879154701
5.785052612665086 302.3829815166318 304.0903879154701
5.835135366980581 302.75998065660093 304.0903879154701
5.885165526969623 302.2934047581868 304.0903879154701
5.935080912247088 302.08194854976347 304.0903879154701
5.985070685813989 302.28736711082087 304.0903879154701
6.035090765810211 302.8153354729244 304.0903879154701
6.085074017002084 302.442501335338 304.0903879154701
6.135033494954541 302.4996838865116 304.0903879154701
6.185012338373112 302.3892125630208 304.0903879154701
6.23505882513704 302.21704651535583 304.0903879154701
6.285031896066973 302.6083223970734 304.0903879154701
6.335021048604968 302.9003952785664 304.0903879154701
6.385063305227329 303.23986777809716 304.0903879154701
6.43503585825857 303.1864713514233 304.0903879154701
6.4850376659249 303.0892656743425 304.0903879154701
6.535059309715584 302.3306066334422 304.0903879154701
6.585042645027699 302.71393584132977 304.0903879154701
6.635028518249684 302.61513456745877 304.0903879154701
6.685039504422045 303.3282081414799 304.0903879154701
6.735099846881587 303.15170998853006 304.0903879154701
6.785067713678883 303.12412788958255 304.0903879154701
6.835084625409436 303.2102049878619 304.0903879154701
6.885145273527135 303.62868153467565 304.0903879154701
6.935115025047961 302.80039049391377 304.0903879154701
6.985075936387851 303.53315976954235 304.0903879154701
7.0350324326575215 303.04120316810537 304.0903879154701
7.084987528951054 303.13219328355893 304.0903879154701
7.135036875133114 303.10816111027304 304.0903879154701
7.185080507040008 302.93708738692004 304.0903879154701
7.235072949523245 303.67637461178424 304.0903879154701
7.285071412014761 303.5641327045678 304.0903879154701
7.335045756281506 303.2858709646655 304.0903879154701
7.385035590389558 303.8489797084977 304.0903879154701
7.435091746474697 302.68391852236596 304.0903879154701
7.485127553716961 303.2822412777378 304.0903879154701
7.5350614787025645 303.6626159045938 304.0903879154701
7.584996372640318 303.3947895280481 304.0903879154701
7.634990718623591 303.75165137946146 304.0903879154701
7.685077179311925 303.35321436090504 304.0903879154701
7.735105298615414 304.67025242468225 304.0903879154701
7.785068775939355 303.531395628298 304.0903879154701
7.835045769748377 303.4187246921186 304.0903879154701
7.884988014238579 303.7258437573755 304.0903879154701
7.9349880402215 303.5853183520599 304.0903879154701
7.985032145561997 303.55456237505456 304.0903879154701
8.035019560441722 303.68529712321117 304.0903879154701
8.085048282127541 304.0629880722214 304.0903879154701
8.135043786635293 303.0327495641165 304.0903879154701
8.184993633281596 304.107426887073 304.0903879154701
8.235040651637977 304.09226714481684 304.0903879154701
8.285081408042792 303.79755589946103 304.0903879154701
8.335067062853074 304.6161883343524 304.0903879154701
8.385069050276662 303.5465291691527 304.0903879154701
8.4350451812845 304.26588933316134 304.0903879154701
8.48500986073133 304.5542395943247 304.0903879154701
8.535005128459817 305.3107056708481 304.0903879154701
8.585031781666418 304.62913237373107 304.0903879154701
8.63508899183519 304.6896023037195 304.0903879154701
8.685094003563902 304.3702259455727 304.0903879154701
8.735056716539594 304.69060125832743 304.0903879154701
8.785060636469806 304.8053558804132 304.0903879154701
8.835061625192933 305.2197731931619 304.0903879154701
8.885071652692128 304.28416787902324 304.0903879154701
8.935072808097303 304.3904552122469 304.0903879154701
8.984966565832924 304.3351769370075 304.0903879154701
9.034931405643807 304.3498334585665 304.0903879154701
9.084976753380838 304.16981760232954 304.0903879154701
9.135020132730524 304.0001579354329 304.0903879154701
9.18500566388272 304.22066034367134 304.0903879154701
9.235029287035493 304.08721886999456 304.0903879154701
9.285089505841155 304.1305223083017 304.0903879154701
9.335043784012097 304.3701300342994 304.0903879154701
9.38499880970139 304.55255790330403 304.0903879154701
9.43500091110014 304.6319648048574 304.0903879154701
9.485018067277219 304.46402131707936 304.0903879154701
9.53502459509746 304.60396800999814 304.0903879154701
9.585065075434208 304.1358541687419 304.0903879154701
9.63509479314611 304.7574583387644 304.0903879154701
9.68502694156073 304.38004754316256 304.0903879154701
9.734994148685924 304.59380977960524 304.0903879154701
9.785030224657293 304.7411477504917 304.0903879154701
9.834986898964573 304.8159917484493 304.0903879154701
9.884961064842653 304.4970863890336 304.0903879154701
9.934947823711603 303.8040237029709 304.0903879154701
9.98497155826544 305.0971337988632 304.0903879154701
10.035068394450732 304.1764426911944 304.0903879154701
10.08504736388683 304.09594095274394 304.0903879154701
10.134982083234746 304.3933644212436 304.0903879154701
10.18496034842464 304.328820977681 304.0903879154701
10.2349878558534 304.32263446378266 304.0903879154701
10.284994612678187 304.52384142045514 304.0903879154701
10.334928010572039 303.96830365810285 304.0903879154701
10.38498929895474 304.42932443451673 304.0903879154701
10.43509244535989 303.776571653538 304.0903879154701
10.485055266658426 303.94720212875245 304.0903879154701
10.535034794290171 304.1849553783598 304.0903879154701
10.585035508055494 303.6857994171769 304.0903879154701
10.634983143687723 304.2965628749608 304.0903879154701
10.685006381276768 303.98787119231883 304.0903879154701
10.735006676672405 303.6162850715929 304.0903879154701
10.78497933015745 303.9561662476012 304.0903879154701
10.835032087986589 303.45646837934186 304.0903879154701
10.885044718709993 303.86515000143163 304.0903879154701
10.935053165032283 303.50461846712847 304.0903879154701
10.985022983212868 303.89675753761003 304.0903879154701
11.035012257832694 304.11425987451184 304.0903879154701
11.08507124971218 304.0161061814928 304.0903879154701
11.135067244649639 303.9480109207829 304.0903879154701
11.185067878039797 303.87777942924004 304.0903879154701
11.23511991731726 303.9945942026884 304.0903879154701
11.285070988027377 303.90771958908186 304.0903879154701
11.335008945269172 304.20031604089286 304.0903879154701
11.385056995381284 304.05496743936374 304.0903879154701
11.435040998762563 304.4036118401979 304.0903879154701
11.484997589541514 304.0788020662467 304.0903879154701
11.535002709712735 304.01524522898137 304.0903879154701
11.585007015607772 304.0931034883078 304.0903879154701
11.635012760441734 303.8673727339073 304.0903879154701
11.685022160997386 304.5630869403015 304.0903879154701
11.735004678002431 304.0087709423901 304.0903879154701
11.78503557903781 303.97403295412033 304.0903879154701
11.835056122566366 304.0896098171532 304.0903879154701
11.885062035960958 304.0657075247971 304.0903879154701
11.93504307114818 304.2081261220363 304.0903879154701
11.984987877224366 303.9458682497201 304.0903879154701
12.035019985816996 303.95582870476875 304.0903879154701
12.085027452056854 303.97582322618246 304.0903879154701
12.135029717749141 304.36718975894064 304.0903879154701
12.185049514602692 304.26357040907544 304.0903879154701
12.235030581725168 303.61647688986574 304.0903879154701
12.284990531781895 304.05440248035626 304.0903879154701
12.334984786037579 303.7132136705015 304.0903879154701
12.385007580463888 304.3028789436367 304.0903879154701
12.435022470221394 303.8145642620448 304.0903879154701
12.485036408135507 304.2604179646265 304.0903879154701
12.535033996836317 304.36999103215413 304.0903879154701
12.585036890399214 304.08459770966044 304.0903879154701
12.635069047983198 304.66882846508105 304.0903879154701
12.685056982524817 303.7695590603005 304.0903879154701
12.735021291521845 304.05338710625426 304.0903879154701
12.785040512014115 303.71205709915876 304.0903879154701
12.835044578857659 303.3335753079052 304.0903879154701
12.885017981448232 304.4663780153751 304.0903879154701
12.935051764874233 304.05788768350305 304.0903879154701
12.985073048588127 303.97654553824356 304.0903879154701
13.035029302238987 304.2849402596842 304.0903879154701
13.085027477840555 304.1038352325169 304.0903879154701
13.135068585086897 304.25308470331026 304.0903879154701
13.18501218073689 304.27573325859515 304.0903879154701
13.234989624488328 303.8963063524055 304.0903879154701
13.285021553250672 303.9447638669867 304.0903879154701
13.335000383135688 304.1049661161125 304.0903879154701
13.385018724677195 304.1381903431233 304.0903879154701
13.435036149096648 303.88861571569237 304.0903879154701
13.485038568431213 304.31352085399004 304.0903879154701
13.535067000966054 304.6125543418515 304.0903879154701
13.585031501086242 304.493432633717 304.0903879154701
13.63500648429956 304.4054731351799 304.0903879154701
13.685031173330934 304.34172700618706 304.0903879154701
13.735011391815984 304.32434622857915 304.0903879154701
13.785041625191285 304.2433080272843 304.0903879154701
13.835082307117508 303.8028904046911 304.0903879154701
13.885019065535845 304.39006010671335 304.0903879154701
13.93502104570284 304.535576261341 304.0903879154701
13.98506755194598 304.707926623401 304.0903879154701
14.035048957435784 304.4828932805515 304.0903879154701
14.085069252126342 304.4583671170131 304.0903879154701
14.13502803225048 304.1031105146195 304.0903879154701
14.185020156527225 304.8054664864875 304.0903879154701
14.235047520057522 303.88533788640615 304.0903879154701
14.285006525274104 303.9945276970171 304.0903879154701
14.335032199112426 304.0066965398836 304.0903879154701
14.385049475481349 304.11966218205424 304.0903879154701
14.435012365485335 304.02047761448813 304.0903879154701
14.485028103928473 304.00231839932684 304.0903879154701
14.53505635862945 304.2056018026238 304.0903879154701
14.585049384521781 304.32081488401445 304.0903879154701
14.635041978996163 304.3799934632582 304.0903879154701
14.68505834422733 304.29102005431014 304.0903879154701
14.735057544034026 304.50385378265406 304.0903879154701
14.785042938101077 304.30806693432345 304.0903879154701
14.835018367671536 304.41700116823745 304.0903879154701
14.88501593350004 304.23565440264576 304.0903879154701
14.93505667728631 303.8797693707776 304.0903879154701
14.985037780412144 304.1154048182084 304.0903879154701
15.035029326405246 303.8663377162787 304.0903879154701
15.085017146241915 304.10304666185533 304.0903879154701
15.13502949271832 303.9218137423207 304.0903879154701
15.185074956445542 304.4680667658028 304.0903879154701
15.235014583768137 304.43301417327075 304.0903879154701
15.284985196983703 304.1934507805163 304.0903879154701
15.335007327706704 304.1031579013004 304.0903879154701
15.385016900175769 303.76031481787544 304.0903879154701
15.435055354503296 304.03044592957843 304.0903879154701
15.485075423957477 304.0606068020553 304.0903879154701
15.535067008375348 303.9266750496848 304.0903879154701
15.585056137305994 304.078914607069 304.0903879154701
15.635080645911344 303.9358701230736 304.0903879154701
15.68507631747311 303.90838295376005 304.0903879154701
15.735017638740556 304.14506080006873 304.0903879154701
15.785017494429317 304.3294155176665 304.0903879154701
15.835053471498941 304.3179130017989 304.0903879154701
15.885053081647781 303.93015101050366 304.0903879154701
15.9350229094531 304.25487322975107 304.0903879154701
15.98504512334694 304.1978472196357 304.0903879154701
16.03501691210065 304.43993837248905 304.0903879154701
16.084990984877102 303.9560632340833 304.0903879154701
16.13503138072936 304.04298198805776 304.0903879154701
16.185013797989402 303.70828581642655 304.0903879154701
16.235042563750063 304.0056979147215 304.0903879154701
16.28504481368448 304.142462157451 304.0903879154701
16.335016904427594 304.22415099391856 304.0903879154701
16.385036564505228 304.25090731339657 304.0903879154701
16.435023196441776 304.098958008022 304.0903879154701
16.4850210306131 304.66869447230255 304.0903879154701
16.535020361552483 304.3081491022403 304.0903879154701
16.585006008896602 304.04974454486614 304.0903879154701
16.635020340269822 303.96353248583273 304.0903879154701
16.68501233613687 303.93111446132434 304.0903879154701
16.735008190469486 303.9701404001576 304.0903879154701
16.78501872464632 304.0293252765191 304.0903879154701
16.834996753306825 304.19266655796173 304.0903879154701
16.884989565692962 303.8241552557348 304.0903879154701
16.93501590895783 304.09887506115183 304.0903879154701
16.984997004714455 304.26203674512965 304.0903879154701
17.03499519696678 304.2362233735165 304.0903879154701
17.08505495150239 304.23595291378564 304.0903879154701
17.13503678656837 304.2210814487066 304.0903879154701
17.185008766760685 304.2874211077823 304.0903879154701
17.23503159853936 304.24120751775274 304.0903879154701
17.285012193401585 304.3188592828688 304.0903879154701
17.335003675890864 304.51549289936713 304.0903879154701
17.385007421339544 304.26781321712497 304.0903879154701
17.435019126105797 303.9064254218406 304.0903879154701
17.485026664977102 304.1263045197747 304.0903879154701
17.535014582832556 304.0412359463196 304.0903879154701
17.585038663685136 303.9311809202419 304.0903879154701
17.63501481642067 304.1503838225467 304.0903879154701
17.684978864140014 304.0771085805797 304.0903879154701
17.73500931212016 304.0290249602083 304.0903879154701
17.78502599493798 304.15272333503765 304.0903879154701
17.83500792706245 304.1343258157355 304.0903879154701
17.88501913393329 304.30151584728617 304.0903879154701
17.935001270241173 304.3201202488178 304.0903879154701
17.985000833056873 304.2254597477386 304.0903879154701
18.035033484505615 304.35681161838073 304.0903879154701
18.085035027115296 304.34754361957374 304.0903879154701
18.13503126803246 304.3549068133177 304.0903879154701
18.185028824969685 304.1665504033386 304.0903879154701
18.23502445489192 304.2692080424695 304.0903879154701
18.28500348105777 304.13438710894815 304.0903879154701
18.33501216664384 304.02611388215195 304.0903879154701
18.385048330486512 303.8335864694436 304.0903879154701
18.43504278413665 303.94665653232914 304.0903879154701
18.485015882402863 303.97537516575596 304.0903879154701
18.53503326548818 304.01550600825834 304.0903879154701
18.585028096210003 304.2289826029579 304.0903879154701
18.635001851057716 303.8810529940874 304.0903879154701
18.685027340496653 304.2362299393709 304.0903879154701
18.735024599574796 303.94243064121594 304.0903879154701
18.785006460729143 303.88597844515635 304.0903879154701
18.835011350453133 303.6934986903751 304.0903879154701
18.88503812543086 304.1468531881337 304.0903879154701
18.935078806133408 303.9754688014261 304.0903879154701
18.985077941711406 304.08571943167124 304.0903879154701
19.035043966062915 303.93103896929034 304.0903879154701
19.085038130542827 304.1708009766609 304.0903879154701
19.13503797189765 304.2479010599503 304.0903879154701
19.18502414041585 304.2472352885078 304.0903879154701
19.23503623227649 304.2665800358145 304.0903879154701
19.285006824296723 303.9709207794605 304.0903879154701
19.335003321220242 303.6871224445579 304.0903879154701
19.385041358278208 303.8372471862984 304.0903879154701
19.435022823772826 303.7735664149222 304.0903879154701
19.485004447028455 303.5895550026292 304.0903879154701
19.535017599431832 304.11180175501414 304.0903879154701
19.58500318432275 304.08419193307355 304.0903879154701
19.634998641060744 303.8895746556809 304.0903879154701
19.685009229334668 304.34592851323 304.0903879154701
19.735004960710366 304.04002894032527 304.0903879154701
19.785037163786352 304.03139660147696 304.0903879154701
19.83503017376143 304.12763290565584 304.0903879154701
19.885024104732004 304.0749981244912 304.0903879154701
19.935024364869008 304.05465470956375 304.0903879154701
19.98500616368383 304.22964558140194 304.0903879154701
20.035031840170017 304.0413624637832 304.0903879154701
20.085015726665734 303.8841705234944 304.0903879154701
20.135003320410636 304.1327147100435 304.0903879154701
20.185028046890757 304.0645824656159 304.0903879154701
20.235013433787046 303.91971916042013 304.0903879154701
20.284998787412462 304.15547077740956 304.0903879154701
20.335035434933673 304.2384443950568 304.0903879154701
20.385036574054574 304.2658767315249 304.0903879154701
20.43501797804506 304.06147518501143 304.0903879154701
20.48503677952185 304.1089115826826 304.0903879154701
20.535053734567366 304.1087717872633 304.0903879154701
20.585040055137874 303.9880699487586 304.0903879154701
20.635000466393215 303.86071926679483 304.0903879154701
20.685013784554602 304.1872507820835 304.0903879154701
20.735039576366667 303.96393110677633 304.0903879154701
20.785013396883116 304.4355632792924 304.0903879154701
20.83499934732452 304.0350157888516 304.0903879154701
20.885018826957428 303.90771536385967 304.0903879154701
20.935026112750414 303.9731923906512 304.0903879154701
20.985038539064178 304.1151151917311 304.0903879154701
21.03503148817928 304.0990990169209 304.0903879154701
21.084994599398737 304.28895711785447 304.0903879154701
21.13500579352836 304.10750351936287 304.0903879154701
21.1850142366415 304.07699915161004 304.0903879154701
21.235006371756423 303.98337169722265 304.0903879154701
21.28500840621597 304.1745190809417 304.0903879154701
21.33498717488422 303.94002266753864 304.0903879154701
21.384995441415512 303.7655742918737 304.0903879154701
21.435015152898156 304.0695017506683 304.0903879154701
21.485030774360574 304.2550252933732 304.0903879154701
21.535019488223085 304.0868333970464 304.0903879154701
21.584992491428366 304.30300164664544 304.0903879154701
21.63500474473261 304.06786708019564 304.0903879154701
21.68502606878198 304.2379547413424 304.0903879154701
21.734998503223473 303.9659754176667 304.0903879154701
21.784983722847944 304.32467433239975 304.0903879154701
21.835016288625095 304.1235522659934 304.0903879154701
21.885011296860547 304.0443870123798 304.0903879154701
21.935003956266502 304.0649258546314 304.0903879154701
21.98500350011211 304.04735982910654 304.0903879154701
22.03500875266101 304.00349299297534 304.0903879154701
22.08500932753569 304.04945414186335 304.0903879154701
22.135004234629243 304.0482516697956 304.0903879154701
22.1850004699001 304.17344487690565 304.0903879154701
22.2349965393273 304.5488128526822 304.0903879154701
22.285009423470928 304.4623112500182 304.0903879154701
22.335001781870588 304.4470418833344 304.0903879154701
22.384992405845693 304.3149698676106 304.0903879154701
22.434995199951096 304.4017687386747 304.0903879154701
22.485011279851193 303.960279239497 304.0903879154701
22.535013235708373 304.29239132476096 304.0903879154701
22.585015609926792 304.2727421757686 304.0903879154701
22.63501775945523 304.1511334940456 304.0903879154701
22.685011097642025 304.0898037438995 304.0903879154701
22.735022608586203 304.0403606384476 304.0903879154701
22.78501325049037 304.0183543525895 304.0903879154701
22.835003195941283 304.0863557026656 304.0903879154701
22.88500300594061 303.8846171080342 304.0903879154701
22.935011258951786 304.0845040797066 304.0903879154701
22.98501863096653 303.9874091016439 304.0903879154701
23.0349906187688 304.0341191021951 304.0903879154701
23.08496183656522 303.9954319082584 304.0903879154701
23.13498003805497 304.07252344417924 304.0903879154701
23.18500981382652 304.13137618131725 304.0903879154701
23.235015213300635 304.2150643285258 304.0903879154701
23.285010037997267 304.1641767020469 304.0903879154701
23.335016359871542 304.0080643913114 304.0903879154701
23.38502484387048 304.28214417100537 304.0903879154701
23.435020808100347 304.2897266954768 304.0903879154701
23.485001466784556 304.032529387314 304.0903879154701
23.535001683520306 304.1744043314673 304.0903879154701
23.585019482826823 304.404728546179 304.0903879154701
23.635009817692215 304.294084350042 304.0903879154701
23.685008373019823 304.35304021552463 304.0903879154701
23.735027582873165 304.17702315428517 304.0903879154701
23.78503256470155 304.1706550458053 304.0903879154701
23.835031207342187 303.9710803878233 304.0903879154701
23.88503019084897 304.0769210501456 304.0903879154701
23.935009007664057 304.1694100561367 304.0903879154701
23.985002831511764 304.17052331699955 304.0903879154701
24.034977193208505 304.20232669085743 304.0903879154701
24.084979858450623 304.12723332883206 304.0903879154701
24.135021399406153 303.9680922897042 304.0903879154701
24.185021034159707 304.1225826074189 304.0903879154701
24.23501292736868 304.11247197472153 304.0903879154701
24.285023713868735 304.2258633177091 304.0903879154701
24.33501358675616 304.29086555258107 304.0903879154701
24.385010459934268 304.1573741087512 304.0903879154701
24.435011913312415 304.2064009310803 304.0903879154701
24.485009250293245 304.05754742445794 304.0903879154701
24.535016722856383 304.01496461441445 304.0903879154701
24.584995057508554 304.0742227699308 304.0903879154701
24.635012158902658 304.19034916780174 304.0903879154701
24.685034691358126 304.16502626142534 304.0903879154701
24.735035106616554 304.1267758587301 304.0903879154701
24.78502283439363 304.0341504665351 304.0903879154701
24.835011598489665 304.2720240829402 304.0903879154701
24.88502325534942 304.3128382578162 304.0903879154701
24.935027474193532 304.494772993169 304.0903879154701
24.98500846063419 304.3094421258471 304.0903879154701
25.03501043822399 304.23657500941783 304.0903879154701
25.08500820003941 304.34392593110846 304.0903879154701
25.135013643593453 304.24851121402594 304.0903879154701
25.185022746951862 304.32736504249334 304.0903879154701
25.235011898580808 304.12359606166456 304.0903879154701
25.28502355332711 304.29947156276063 304.0903879154701
25.335023729877907 304.30875619079666 304.0903879154701
25.385017186403612 304.27181770810813 304.0903879154701
25.435011709096777 304.314221167271 304.0903879154701
25.484993554295382 304.3308363077757 304.0903879154701
25.53500016225883 304.09117006915636 304.0903879154701
25.585029583837997 304.16817322594807 304.0903879154701
25.63502375540807 304.0858051290867 304.0903879154701
25.685021021936222 304.16708449919327 304.0903879154701
25.735036876020544 304.02275612539336 304.0903879154701
25.785006346557154 304.0144977711665 304.0903879154701
25.835000282710485 304.12758499382477 304.0903879154701
25.885030789680812 304.1107483622958 304.0903879154701
25.935007032325473 304.38242641887626 304.0903879154701
25.98499416361709 304.1521333299682 304.0903879154701
26.035014055755237 304.08430002800344 304.0903879154701
26.085027930348918 304.05719385190326 304.0903879154701
26.135034622437313 304.2241183113833 304.0903879154701
26.185033040410637 304.36468520794654 304.0903879154701
26.235031004141227 304.1980450474024 304.0903879154701
26.28503278569175 304.11108281119994 304.0903879154701
26.335019717976817 304.1871852955152 304.0903879154701
26.385007524584132 304.1854889126459 304.0903879154701
26.435027445829057 304.1834273086874 304.0903879154701
26.48502874896273 304.19831449827177 304.0903879154701
26.53502591406861 304.21960789211954 304.0903879154701
26.585033854886976 304.2716819351662 304.0903879154701
26.635020461918803 304.1279474637735 304.0903879154701
26.685018612351012 304.25587752532726 304.0903879154701
26.735012423492975 304.18446915294453 304.0903879154701
26.78500763081469 304.23506438756493 304.0903879154701
26.83501405251716 304.23286106951997 304.0903879154701
26.88500549083458 304.0544337576554 304.0903879154701
26.93500274680718 304.1220116399331 304.0903879154701
26.985017968113926 304.33551388912304 304.0903879154701
27.035023440384837 304.068647654696 304.0903879154701
27.08501388446697 304.26525364419825 304.0903879154701
27.135019022440712 304.0202638984615 304.0903879154701
27.185034746936005 304.20227415845466 304.0903879154701
27.23501869071011 304.1305895337028 304.0903879154701
27.28500583054271 304.10789739823394 304.0903879154701
27.33500587487881 304.22930809981693 304.0903879154701
27.385015063295434 304.19487744191605 304.0903879154701
27.435019828050528 304.0760830492567 304.0903879154701
27.48500614083683 304.3226978202521 304.0903879154701
27.535023011127258 304.1624920707236 304.0903879154701
27.585034221494823 304.02143089592715 304.0903879154701
27.635029764976675 304.09759504172496 304.0903879154701
27.685031954139806 304.1242815927023 304.0903879154701
27.735033013527513 304.38923910571384 304.0903879154701
27.785024955269275 304.31908147587916 304.0903879154701
27.835013772923205 304.4607261623915 304.0903879154701
27.885011712725802 304.3633194889264 304.0903879154701
27.935008293126145 304.2908955610578 304.0903879154701
27.985012100425124 304.184773034301 304.0903879154701
28.035024039176285 304.2086690168203 304.0903879154701
28.085023898510894 304.29505782603843 304.0903879154701
28.135026332940136 304.12644077429303 304.0903879154701
28.185025692888782 304.02488310654763 304.0903879154701
28.23500973080711 304.2346701503488 304.0903879154701
28.285016023042715 304.12013172466783 304.0903879154701
28.335028900813505 303.99887486015666 304.0903879154701
28.385020999487384 304.07757772796344 304.0903879154701
28.43502363380337 304.18650074478086 304.0903879154701
28.485023444445215 304.1550091801492 304.0903879154701
28.535018735364076 303.96016839607853 304.0903879154701
28.585029168360432 304.17862715295814 304.0903879154701
28.635026877050674 304.20564522620793 304.0903879154701
28.685014219868297 304.0893458624009 304.0903879154701
28.735003735421113 304.25864882318086 304.0903879154701
28.785001402228147 304.15268537875625 304.0903879154701
28.835030137959745 304.1591615101804 304.0903879154701
28.88504442661258 304.2216293994021 304.0903879154701
28.935034268847293 304.2991116993145 304.0903879154701
28.985047861064913 304.20693929047565 304.0903879154701
29.03503970608606 304.3122713145602 304.0903879154701
29.085002141018837 304.11126099077916 304.0903879154701
29.135016393492272 304.40650633063194 304.0903879154701
29.18502565548513 304.1045794875174 304.0903879154701
29.235003854565072 304.3669482575991 304.0903879154701
29.28501720803456 304.1175670456837 304.0903879154701
29.335021485741148 304.1853645409242 304.0903879154701
29.385023747266885 304.17421397234426 304.0903879154701
29.435031239261974 304.2113492402669 304.0903879154701
29.485039496503234 304.41850156809113 304.0903879154701
29.535056723947616 304.4197849693699 304.0903879154701
29.585039430842237 304.20792670031307 304.0903879154701
29.635029330827404 304.3700643991569 304.0903879154701
29.685030510089145 304.20308082963027 304.0903879154701
29.735014592664193 304.26380266919483 304.0903879154701
29.785029500831296 304.26313213965824 304.0903879154701
29.83505016925299 304.03568557685975 304.0903879154701
29.88504266015853 304.2997893834346 304.0903879154701
29.935034572161452 304.1684203636393 304.0903879154701
29.985027198796583 304.2044723639201 304.0903879154701
30.035012506856845 304.26106832699065 304.0903879154701
30.085013520559762 304.3656351310091 304.0903879154701
30.135023831955223 304.11400808566265 304.0903879154701
30.185015356792164 304.2812582872435 304.0903879154701
30.235007864807404 304.1553064832726 304.0903879154701
30.285021499954976 304.35423083495687 304.0903879154701
30.33502977586886 304.1439875744174 304.0903879154701
30.385016966007974 304.37662962373025 304.0903879154701
30.43501980656682 304.4131093311509 304.0903879154701
30.485021907134463 304.42045174693584 304.0903879154701
30.535009053385746 304.3324975753976 304.0903879154701
30.58501970980405 304.3612779655955 304.0903879154701
30.635026727727194 304.4291308939719 304.0903879154701
30.685014544116957 304.45070749438077 304.0903879154701
30.735019935550714 304.38555046912523 304.0903879154701
30.785017626929644 304.36546911046514 304.0903879154701
30.83499034241288 304.40218522568233 304.0903879154701
30.88500597954971 304.39273523804184 304.0903879154701
30.9350200177471 304.4953150852836 304.0903879154701
30.985016244295117 304.4970569933017 304.0903879154701
31.035017868901495 304.3787350293274 304.0903879154701
31.08500823847495 304.3960539074723 304.0903879154701
31.135019940244188 304.18902225647366 304.0903879154701
31.185016552193744 304.3588517062261 304.0903879154701
31.235004554291066 304.21823231218576 304.0903879154701
31.28502030240842 304.26151683026694 304.0903879154701
31.335003718077246 304.21703921043223 304.0903879154701
31.384995054077347 304.31736571209933 304.0903879154701
31.43501934226396 304.2966449858005 304.0903879154701
31.485029607559692 304.37653086201556 304.0903879154701
31.53503796523134 304.49680496035353 304.0903879154701
31.585031521224742 304.3280623038988 304.0903879154701
31.6350193937159 304.4298141876963 304.0903879154701
31.685017346785276 304.4664614517138 304.0903879154701
31.73501706418033 304.34383541999244 304.0903879154701
31.785008744571766 304.4354663550485 304.0903879154701
31.835015676032306 304.4819671390314 304.0903879154701
31.885019726904996 304.3823822126735 304.0903879154701
31.93501246506677 304.2273285792009 304.0903879154701
31.985014697381967 304.4161405561003 304.0903879154701
32.035002635415 304.38060348169944 304.0903879154701
32.08500244541776 304.42668005163534 304.0903879154701
32.1350160672886 304.35002046386415 304.0903879154701
32.18500866515195 304.16181392287444 304.0903879154701
32.2350016845045 304.423813471722 304.0903879154701
32.285012573735315 304.1001636251514 304.0903879154701
32.335022555111664 304.19027562825835 304.0903879154701
32.3850256395378 304.20856121326557 304.0903879154701
32.435018449676335 304.4189899618034 304.0903879154701
32.485007580765725 304.4023707472916 304.0903879154701
32.535017802366085 304.26765911472404 304.0903879154701
32.585014160927166 304.25287025372785 304.0903879154701
32.63501087710874 304.28812748653036 304.0903879154701
32.68501952700847 304.41659111420716 304.0903879154701
32.735005210150334 304.3485412516471 304.0903879154701
32.785009632216 304.3327510294848 304.0903879154701
32.835020792478936 304.37769448306784 304.0903879154701
32.885012204971794 304.6035434801716 304.0903879154701
32.93501976646757 304.48519705724954 304.0903879154701
32.98502495767602 304.53142942066745 304.0903879154701
33.035012441003175 304.44311004104213 304.0903879154701
33.08500641093955 304.51587320724786 304.0903879154701
33.135004775347134 304.4535579024555 304.0903879154701
33.185009335196796 304.5832139604978 304.0903879154701
33.23501695941841 304.50037948466417 304.0903879154701
33.284999336258906 304.44802050997265 304.0903879154701
33.335001638215346 304.4459247421566 304.0903879154701
33.38502197587026 304.38868929977605 304.0903879154701
33.43502100630072 304.44001274077 304.0903879154701
33.48502383926718 304.506303373694 304.0903879154701
33.53501631116261 304.4005307074591 304.0903879154701
33.58500285966453 304.51256961310537 304.0903879154701
33.63499031333172 304.61331906229975 304.0903879154701
33.68499758905894 304.54842543236106 304.0903879154701
33.735021356205 304.57219318327833 304.0903879154701
33.78502001899818 304.5900910069236 304.0903879154701
33.835016461542395 304.4622843522703 304.0903879154701
33.8850145737429 304.5387777159924 304.0903879154701
33.935005794013044 304.4879631118121 304.0903879154701
33.98501067757955 304.6260967202903 304.0903879154701
34.035007884851964 304.55185826477543 304.0903879154701
34.084994853111745 304.4519434482032 304.0903879154701
34.13500516088593 304.4516548634877 304.0903879154701
34.18501665160975 304.5144488249996 304.0903879154701
34.23501616259434 304.5887984748286 304.0903879154701
34.28502424515663 304.59912429481597 304.0903879154701
34.335010251606185 304.51563598322065 304.0903879154701
34.38500747288221 304.54622402818825 304.0903879154701
34.43500700426738 304.65351234265455 304.0903879154701
