#k, Pk, shotnoise
0.04341288312123372 71795.84134615384 51526.95915231529
0.08702917279381502 67070.30263157895 51526.95915231529
0.1383580533618277 61620.17727272727 51526.95915231529
0.18816021908589495 59989.85365853659 51526.95915231529
0.23625913419086358 55719.941379310345 51526.95915231529
0.28659649923986236 53189.03211991435 51526.95915231529
0.336496845727412 53709.7527333894 51526.95915231529
0.38526394865674995 51995.24937027707 51526.95915231529
0.4353385396840001 51815.99619771863 51526.95915231529
0.48579519714601554 51966.964742347925 51526.95915231529
0.5357681057561946 53904.96658097686 51526.95915231529
0.5857795564823571 52624.378421472225 51526.95915231529
0.6358369352385822 52431.403093721565 51526.95915231529
0.6855912190764698 51539.7329143755 51526.95915231529
0.7357376365332933 52916.63911661369 51526.95915231529
0.785888316635595 52350.62679425837 51526.95915231529
0.8354508673961637 51751.15677966102 51526.95915231529
0.8853431150659767 51174.94596802427 51526.95915231529
0.9357076450136291 51597.48519362187 51526.95915231529
0.9855134011183664 50821.37577907758 51526.95915231529
1.0355603946178449 51773.87744107744 51526.95915231529
1.0856093068854897 51056.08078258126 51526.95915231529
1.1352793302749726 50882.07871782143 51526.95915231529
1.1855424738245635 51801.35684647303 51526.95915231529
1.235589962480957 51297.34700277409 51526.95915231529
1.2854141752703863 51505.84488980181 51526.95915231529
1.335103210186715 51503.98666944387 51526.95915231529
1.3849150178231553 51158.15712383489 51526.95915231529
1.4353360222887381 51985.07717338727 51526.95915231529
1.485613306637673 51257.84267420589 51526.95915231529
1.535354716705412 51688.822095984324 51526.95915231529
1.5853718463791757 51424.70265961302 51526.95915231529
1.635383384573632 51515.9994486561 51526.95915231529
1.6851318639482276 51416.137059947534 51526.95915231529
1.735224381186698 51950.0421613763 51526.95915231529
1.7852024682840006 51706.00161793597 51526.95915231529
1.8351534362292543 51422.552519469245 51526.95915231529
1.8852386227218252 50820.11997315575 51526.95915231529
1.9351796775515677 51248.35290949595 51526.95915231529
1.9852060540040126 51808.136777550644 51526.95915231529
2.0352229355666753 51620.802411133765 51526.95915231529
2.0851975909499876 51101.64576189174 51526.95915231529
2.1353618591114527 51472.07816128774 51526.95915231529
2.1852158606399072 51674.21543233811 51526.95915231529
2.235016101084209 51099.38590487345 51526.95915231529
2.2851621441693877 51709.51277921715 51526.95915231529
2.3350632002792198 51191.79501057082 51526.95915231529
2.3851032403022625 51395.25035179737 51526.95915231529
2.4352231747130406 51317.25463450927 51526.95915231529
2.485164951691251 51330.403426352685 51526.95915231529
2.5351776357427003 51410.27552914965 51526.95915231529
2.5852819577913158 51182.76036665212 51526.95915231529
2.635367029706435 51297.73113437999 51526.95915231529
2.685276266805426 51486.39714066888 51526.95915231529
2.7350574577609077 51710.686743430764 51526.95915231529
2.7849721239192875 51504.12634411775 51526.95915231529
2.8351149786725958 51697.98391567086 51526.95915231529
2.8853070427774172 51718.6249246121 51526.95915231529
2.935323261063467 51753.452248869165 51526.95915231529
2.985188638080608 52006.86308320614 51526.95915231529
3.035129942492686 51884.55389266217 51526.95915231529
3.0852485783280996 51337.78384597684 51526.95915231529
3.1353289416304984 51583.732387530334 51526.95915231529
3.185162918877009 51361.164085562465 51526.95915231529
3.235126001934966 51542.143365673204 51526.95915231529
3.2851865492140133 51627.22438191074 51526.95915231529
3.3350534059974843 51510.280037091004 51526.95915231529
3.3850939970033616 51702.31665977676 51526.95915231529
3.43511475165383 51559.78119220594 51526.95915231529
3.4850854195331293 51364.56757651449 51526.95915231529
3.5352082343345357 51568.62006061227 51526.95915231529
3.585149270750284 51592.06312912711 51526.95915231529
3.635054437042299 51465.26500569397 51526.95915231529
3.685084700566753 51335.83603113469 51526.95915231529
3.73509944865768 51388.26833327851 51526.95915231529
3.785051007483472 51272.70127275986 51526.95915231529
3.835038522570464 51643.66805175711 51526.95915231529
3.8850978264484968 51533.48927610693 51526.95915231529
3.935166238680769 51584.63901573406 51526.95915231529
3.985142781648064 51657.0751209251 51526.95915231529
4.035189059350149 51677.41099858532 51526.95915231529
4.085190017250174 51743.74010080778 51526.95915231529
4.135083680485083 51431.32465495103 51526.95915231529
4.185096781549818 51378.62827192332 51526.95915231529
4.235143734713746 51551.6627655716 51526.95915231529
4.285212920650457 51502.16945235771 51526.95915231529
4.335156942132565 51442.00133275842 51526.95915231529
4.385075689502319 51566.47231668513 51526.95915231529
4.435182893855874 51547.04624427992 51526.95915231529
4.485134787079134 51563.35937199792 51526.95915231529
4.535153570409619 51530.50806383705 51526.95915231529
4.585195490118877 51436.35148670893 51526.95915231529
4.634988284169842 51653.06679915709 51526.95915231529
4.684988536401403 51455.94357692675 51526.95915231529
4.735055149526006 51596.06479191575 51526.95915231529
4.784992601884696 51588.61615477959 51526.95915231529
4.835102168559994 51587.21590971176 51526.95915231529
4.885240090770058 51561.801651370515 51526.95915231529
4.935164821322969 51588.36379563587 51526.95915231529
4.985095062831815 51608.3938102052 51526.95915231529
5.035126019612272 51560.28575553695 51526.95915231529
5.085108160495513 51554.851881181086 51526.95915231529
5.135080190698462 51589.64343456108 51526.95915231529
5.185025723828203 51523.45639383001 51526.95915231529
5.2350215730461525 51564.03980285565 51526.95915231529
5.285111848206311 51401.88247009343 51526.95915231529
5.335115651977223 51461.73564763332 51526.95915231529
5.385119770278601 51514.8267562414 51526.95915231529
5.4351926098243855 51516.33492751828 51526.95915231529
5.485189311357592 51528.025599180044 51526.95915231529
5.535152917170193 51718.93614169459 51526.95915231529
5.585120407661825 51444.01233028214 51526.95915231529
5.635126411356671 51433.93773868232 51526.95915231529
5.685141241486292 51454.052635164284 51526.95915231529
5.735061725145519 51484.27784400379 51526.95915231529
5.785052612665086 51610.237433880524 51526.95915231529
5.835135366980581 51578.85414002472 51526.95915231529
5.885165526969623 51490.52716941082 51526.95915231529
5.935080912247088 51343.70203565796 51526.95915231529
5.985070685813989 51727.50929459056 51526.95915231529
6.035090765810211 51476.12572324649 51526.95915231529
6.085074017002084 51415.33798888208 51526.95915231529
6.135033494954541 51440.42802010433 51526.95915231529
6.185012338373112 51403.61660400463 51526.95915231529
6.23505882513704 51481.34870958313 51526.95915231529
6.285031896066973 51558.724069450094 51526.95915231529
6.335021048604968 51503.01306336325 51526.95915231529
6.385063305227329 51503.02500718597 51526.95915231529
6.43503585825857 51453.46154647978 51526.95915231529
6.4850376659249 51388.77575272512 51526.95915231529
6.535059309715584 51341.198144011 51526.95915231529
6.585042645027699 51421.55547056101 51526.95915231529
6.635028518249684 51380.97121948374 51526.95915231529
6.685039504422045 51550.27203917803 51526.95915231529
6.735099846881587 51592.236118964145 51526.95915231529
6.785067713678883 51737.05825238846 51526.95915231529
6.835084625409436 51730.800338809975 51526.95915231529
6.885145273527135 51440.96401652918 51526.95915231529
6.935115025047961 51555.361176362916 51526.95915231529
6.985075936387851 51456.58852787202 51526.95915231529
7.0350324326575215 51435.39378837768 51526.95915231529
7.084987528951054 51673.97059935733 51526.95915231529
7.135036875133114 51463.99028798425 51526.95915231529
7.185080507040008 51632.00852763309 51526.95915231529
7.235072949523245 51592.03419622938 51526.95915231529
7.285071412014761 51600.7330558283 51526.95915231529
7.335045756281506 51638.17004434695 51526.95915231529
7.385035590389558 51618.02847098344 51526.95915231529
7.435091746474697 51595.355258761294 51526.95915231529
7.485127553716961 51609.908332787854 51526.95915231529
7.5350614787025645 51536.0808448193 51526.95915231529
7.584996372640318 51603.60178018083 51526.95915231529
7.634990718623591 51502.624091839476 51526.95915231529
7.685077179311925 51555.20804488092 51526.95915231529
7.735105298615414 51617.8738398191 51526.95915231529
7.785068775939355 51648.03066630591 51526.95915231529
7.835045769748377 51625.98733185398 51526.95915231529
7.884988014238579 51547.80835496814 51526.95915231529
7.9349880402215 51576.56509945093 51526.95915231529
7.985032145561997 51536.948918863025 51526.95915231529
8.035019560441722 51409.15245516965 51526.95915231529
8.085048282127541 51539.363079566094 51526.95915231529
8.135043786635293 51412.12460159694 51526.95915231529
8.184993633281596 51439.2880425792 51526.95915231529
8.235040651637977 51546.86190172717 51526.95915231529
8.285081408042792 51506.69726239394 51526.95915231529
8.335067062853074 51541.14627024928 51526.95915231529
8.385069050276662 51441.48293048959 51526.95915231529
8.4350451812845 51541.67497484844 51526.95915231529
8.48500986073133 51553.149291099246 51526.95915231529
8.535005128459817 51393.092251368485 51526.95915231529
8.585031781666418 51525.61603910232 51526.95915231529
8.63508899183519 51468.337243300884 51526.95915231529
8.685094003563902 51535.018461703025 51526.95915231529
8.735056716539594 51573.372512290516 51526.95915231529
8.785060636469806 51482.5341930831 51526.95915231529
8.835061625192933 51403.59445583285 51526.95915231529
8.885071652692128 51542.39890569122 51526.95915231529
8.935072808097303 51427.017690691115 51526.95915231529
8.984966565832924 51531.13878704613 51526.95915231529
9.034931405643807 51443.62304439983 51526.95915231529
9.084976753380838 51394.102584817796 51526.95915231529
9.135020132730524 51384.20353490209 51526.95915231529
9.18500566388272 51539.5139828774 51526.95915231529
9.235029287035493 51595.2649478881 51526.95915231529
9.285089505841155 51534.63149801402 51526.95915231529
9.335043784012097 51537.465822806145 51526.95915231529
9.38499880970139 51465.09031187749 51526.95915231529
9.43500091110014 51514.5054413543 51526.95915231529
9.485018067277219 51535.90397535824 51526.95915231529
9.53502459509746 51628.903754844105 51526.95915231529
9.585065075434208 51560.883753361886 51526.95915231529
9.63509479314611 51578.82737890691 51526.95915231529
9.68502694156073 51557.87399200954 51526.95915231529
9.734994148685924 51546.11241947264 51526.95915231529
9.785030224657293 51625.40436050293 51526.95915231529
9.834986898964573 51502.677700393106 51526.95915231529
9.884961064842653 51564.85499398541 51526.95915231529
9.934947823711603 51540.660808180925 51526.95915231529
9.98497155826544 51595.39887201353 51526.95915231529
10.035068394450732 51556.9932496643 51526.95915231529
10.08504736388683 51573.47230488963 51526.95915231529
10.134982083234746 51550.51303621289 51526.95915231529
10.18496034842464 51511.8089466967 51526.95915231529
10.2349878558534 51544.855418077 51526.95915231529
10.284994612678187 51617.60270430669 51526.95915231529
10.334928010572039 51518.145282918376 51526.95915231529
10.38498929895474 51436.72382197512 51526.95915231529
10.43509244535989 51503.106232775994 51526.95915231529
10.485055266658426 51462.848569431255 51526.95915231529
10.535034794290171 51572.28621217722 51526.95915231529
10.585035508055494 51603.306663174095 51526.95915231529
10.634983143687723 51648.73339179916 51526.95915231529
10.685006381276768 51586.720340273314 51526.95915231529
10.735006676672405 51553.00916975193 51526.95915231529
10.78497933015745 51512.27633911311 51526.95915231529
10.835032087986589 51414.55107304704 51526.95915231529
10.885044718709993 51435.78560014115 51526.95915231529
10.935053165032283 51511.78311739638 51526.95915231529
10.985022983212868 51407.16025079954 51526.95915231529
11.035012257832694 51536.59951880933 51526.95915231529
11.08507124971218 51565.63160390723 51526.95915231529
11.135067244649639 51539.76332782167 51526.95915231529
11.185067878039797 51488.59733795678 51526.95915231529
11.23511991731726 51604.25452489016 51526.95915231529
11.285070988027377 51477.67115572897 51526.95915231529
11.335008945269172 51598.71671146407 51526.95915231529
11.385056995381284 51458.69991383085 51526.95915231529
11.435040998762563 51502.464994591224 51526.95915231529
11.484997589541514 51554.248894869415 51526.95915231529
11.535002709712735 51487.05726323906 51526.95915231529
11.585007015607772 51514.358809272926 51526.95915231529
11.635012760441734 51478.08449788843 51526.95915231529
11.685022160997386 51505.83490119139 51526.95915231529
11.735004678002431 51559.20732741366 51526.95915231529
11.78503557903781 51559.73463871134 51526.95915231529
11.835056122566366 51576.413964659354 51526.95915231529
11.885062035960958 51529.299159476555 51526.95915231529
11.93504307114818 51529.7820515466 51526.95915231529
11.984987877224366 51543.196317550646 51526.95915231529
12.035019985816996 51529.910711893026 51526.95915231529
12.085027452056854 51519.57747922466 51526.95915231529
12.135029717749141 51621.14841688778 51526.95915231529
12.185049514602692 51574.85962633532 51526.95915231529
12.235030581725168 51566.10086961635 51526.95915231529
12.284990531781895 51504.84469261517 51526.95915231529
12.334984786037579 51511.92491359936 51526.95915231529
12.385007580463888 51480.82607649029 51526.95915231529
12.435022470221394 51539.504828364334 51526.95915231529
12.485036408135507 51539.18990377268 51526.95915231529
12.535033996836317 51555.152555486 51526.95915231529
12.585036890399214 51526.921388457595 51526.95915231529
12.635069047983198 51515.21118598769 51526.95915231529
12.685056982524817 51467.572765344885 51526.95915231529
12.735021291521845 51508.176419790485 51526.95915231529
12.785040512014115 51505.802800615136 51526.95915231529
12.835044578857659 51507.02465245845 51526.95915231529
12.885017981448232 51476.73425819563 51526.95915231529
12.935051764874233 51486.480432998476 51526.95915231529
12.985073048588127 51532.590187912116 51526.95915231529
13.035029302238987 51465.885665562164 51526.95915231529
13.085027477840555 51452.50975274497 51526.95915231529
13.135068585086897 51459.849930484066 51526.95915231529
13.18501218073689 51542.90675050039 51526.95915231529
13.234989624488328 51521.438411010975 51526.95915231529
13.285021553250672 51559.18488865142 51526.95915231529
13.335000383135688 51568.37225751239 51526.95915231529
13.385018724677195 51537.72960499802 51526.95915231529
13.435036149096648 51632.18115781673 51526.95915231529
13.485038568431213 51638.8069262437 51526.95915231529
13.535067000966054 51549.237205304766 51526.95915231529
13.585031501086242 51535.457979210645 51526.95915231529
13.63500648429956 51498.32514817701 51526.95915231529
13.685031173330934 51442.138136209 51526.95915231529
13.735011391815984 51526.01966573976 51526.95915231529
13.785041625191285 51480.64600562642 51526.95915231529
13.835082307117508 51578.6464605082 51526.95915231529
13.885019065535845 51589.7163968006 51526.95915231529
13.93502104570284 51559.73998454127 51526.95915231529
13.98506755194598 51564.986067449456 51526.95915231529
14.035048957435784 51556.083315150616 51526.95915231529
14.085069252126342 51547.42637620398 51526.95915231529
14.13502803225048 51535.98746142019 51526.95915231529
14.185020156527225 51593.29788677447 51526.95915231529
14.235047520057522 51490.50918249288 51526.95915231529
14.285006525274104 51435.9280816423 51526.95915231529
14.335032199112426 51460.043228302144 51526.95915231529
14.385049475481349 51541.54520851142 51526.95915231529
14.435012365485335 51618.86885113912 51526.95915231529
14.485028103928473 51562.960107121224 51526.95915231529
14.53505635862945 51535.97199619076 51526.95915231529
14.585049384521781 51629.63146311738 51526.95915231529
14.635041978996163 51600.30322268215 51526.95915231529
14.68505834422733 51511.71350281639 51526.95915231529
14.735057544034026 51520.490689085396 51526.95915231529
14.785042938101077 51470.67000734547 51526.95915231529
14.835018367671536 51533.59047838552 51526.95915231529
14.88501593350004 51565.744522529974 51526.95915231529
14.93505667728631 51526.52584480719 51526.95915231529
14.985037780412144 51536.81500197233 51526.95915231529
15.035029326405246 51555.890331871626 51526.95915231529
15.085017146241915 51569.22587768574 51526.95915231529
15.13502949271832 51511.31580636764 51526.95915231529
15.185074956445542 51493.93106804609 51526.95915231529
15.235014583768137 51504.28973756441 51526.95915231529
15.284985196983703 51537.638236128725 51526.95915231529
15.335007327706704 51523.844776789476 51526.95915231529
15.385016900175769 51536.33683995403 51526.95915231529
15.435055354503296 51496.44242509945 51526.95915231529
15.485075423957477 51503.27262050403 51526.95915231529
15.535067008375348 51521.4692212718 51526.95915231529
15.585056137305994 51420.84281174811 51526.95915231529
15.635080645911344 51467.299699887204 51526.95915231529
15.68507631747311 51500.056048567065 51526.95915231529
15.735017638740556 51477.618539761184 51526.95915231529
15.785017494429317 51444.05319095373 51526.95915231529
15.835053471498941 51485.825696720654 51526.95915231529
15.885053081647781 51431.905249793424 51526.95915231529
15.9350229094531 51602.99994546273 51526.95915231529
15.98504512334694 51515.83383996539 51526.95915231529
16.03501691210065 51606.407928806 51526.95915231529
16.084990984877102 51556.2038951154 51526.95915231529
16.13503138072936 51529.30870917464 51526.95915231529
16.185013797989402 51557.03382456799 51526.95915231529
16.235042563750063 51555.05157209827 51526.95915231529
16.28504481368448 51536.06732117812 51526.95915231529
16.335016904427594 51551.64645781875 51526.95915231529
16.385036564505228 51548.3419308503 51526.95915231529
16.435023196441776 51525.86735173272 51526.95915231529
16.4850210306131 51563.00811650387 51526.95915231529
16.535020361552483 51599.46341977184 51526.95915231529
16.585006008896602 51560.5524693219 51526.95915231529
16.635020340269822 51615.14499465622 51526.95915231529
16.68501233613687 51575.04095811413 51526.95915231529
16.735008190469486 51538.151434658415 51526.95915231529
16.78501872464632 51538.83224270415 51526.95915231529
16.834996753306825 51529.47840783504 51526.95915231529
16.884989565692962 51537.44419765886 51526.95915231529
16.93501590895783 51519.050161773026 51526.95915231529
16.984997004714455 51551.87801377919 51526.95915231529
17.03499519696678 51519.15225263647 51526.95915231529
17.08505495150239 51518.975583810854 51526.95915231529
17.13503678656837 51476.0558182003 51526.95915231529
17.185008766760685 51590.681947649005 51526.95915231529
17.23503159853936 51546.05933237205 51526.95915231529
17.285012193401585 51563.98851740003 51526.95915231529
17.335003675890864 51555.85379121006 51526.95915231529
17.385007421339544 51525.84354343312 51526.95915231529
17.435019126105797 51495.486226463225 51526.95915231529
17.485026664977102 51571.52586834957 51526.95915231529
17.535014582832556 51469.50796366532 51526.95915231529
17.585038663685136 51529.57688588924 51526.95915231529
17.63501481642067 51489.11171821687 51526.95915231529
17.684978864140014 51589.663873459234 51526.95915231529
17.73500931212016 51549.17347560159 51526.95915231529
17.78502599493798 51532.43994912623 51526.95915231529
17.83500792706245 51563.27197755241 51526.95915231529
17.88501913393329 51578.5409068058 51526.95915231529
17.935001270241173 51562.18352268204 51526.95915231529
17.985000833056873 51533.72417852066 51526.95915231529
18.035033484505615 51481.746418289666 51526.95915231529
18.085035027115296 51529.548783470156 51526.95915231529
18.13503126803246 51479.90261431275 51526.95915231529
18.185028824969685 51510.85767983462 51526.95915231529
18.23502445489192 51500.284923719846 51526.95915231529
18.28500348105777 51554.90104836338 51526.95915231529
18.33501216664384 51495.71764582829 51526.95915231529
18.385048330486512 51555.74715076227 51526.95915231529
18.43504278413665 51491.669920019354 51526.95915231529
18.485015882402863 51487.20037321411 51526.95915231529
18.53503326548818 51512.106571822434 51526.95915231529
18.585028096210003 51494.72762413974 51526.95915231529
18.635001851057716 51504.54054576138 51526.95915231529
18.685027340496653 51512.21711903295 51526.95915231529
18.735024599574796 51554.759448892975 51526.95915231529
18.785006460729143 51553.88155716516 51526.95915231529
18.835011350453133 51550.13066692434 51526.95915231529
18.88503812543086 51607.557385123364 51526.95915231529
18.935078806133408 51635.44172715992 51526.95915231529
18.985077941711406 51500.376778825754 51526.95915231529
19.035043966062915 51547.476955064914 51526.95915231529
19.085038130542827 51550.08679083178 51526.95915231529
19.13503797189765 51544.158056458895 51526.95915231529
19.18502414041585 51586.61889249192 51526.95915231529
19.23503623227649 51590.359127141346 51526.95915231529
19.285006824296723 51599.00494097972 51526.95915231529
19.335003321220242 51539.839950644666 51526.95915231529
19.385041358278208 51533.8092047891 51526.95915231529
19.435022823772826 51529.976659951164 51526.95915231529
19.485004447028455 51521.79691270067 51526.95915231529
19.535017599431832 51529.16795894407 51526.95915231529
19.58500318432275 51523.360221493254 51526.95915231529
19.634998641060744 51518.06779970205 51526.95915231529
19.685009229334668 51502.00590313297 51526.95915231529
19.735004960710366 51490.83780453516 51526.95915231529
19.785037163786352 51512.554537328135 51526.95915231529
19.83503017376143 51489.43132013394 51526.95915231529
19.885024104732004 51566.4240317049 51526.95915231529
19.935024364869008 51536.352677281044 51526.95915231529
19.98500616368383 51522.05202457579 51526.95915231529
20.035031840170017 51534.133927772695 51526.95915231529
20.085015726665734 51527.46333701199 51526.95915231529
20.135003320410636 51522.40317031259 51526.95915231529
20.185028046890757 51568.538782134034 51526.95915231529
20.235013433787046 51521.1673980944 51526.95915231529
20.284998787412462 51535.55423253941 51526.95915231529
20.335035434933673 51537.31459632526 51526.95915231529
20.385036574054574 51506.80455883304 51526.95915231529
20.43501797804506 51584.68256765101 51526.95915231529
20.48503677952185 51576.233916821504 51526.95915231529
20.535053734567366 51571.611509093826 51526.95915231529
20.585040055137874 51556.156562870485 51526.95915231529
20.635000466393215 51548.614175656716 51526.95915231529
20.685013784554602 51560.508178530035 51526.95915231529
20.735039576366667 51545.59409359933 51526.95915231529
20.785013396883116 51539.83559338262 51526.95915231529
20.83499934732452 51550.12330502035 51526.95915231529
20.885018826957428 51554.317949200435 51526.95915231529
20.935026112750414 51509.132487640985 51526.95915231529
20.985038539064178 51518.231634714255 51526.95915231529
21.03503148817928 51579.5195409257 51526.95915231529
21.084994599398737 51532.71891841161 51526.95915231529
21.13500579352836 51550.49941091154 51526.95915231529
21.1850142366415 51583.28838555808 51526.95915231529
21.235006371756423 51551.09654513688 51526.95915231529
21.28500840621597 51566.94890945811 51526.95915231529
21.33498717488422 51527.28299034263 51526.95915231529
21.384995441415512 51559.8629579278 51526.95915231529
21.435015152898156 51538.364521172174 51526.95915231529
21.485030774360574 51547.136047337306 51526.95915231529
21.535019488223085 51553.30466640865 51526.95915231529
21.584992491428366 51573.20397240433 51526.95915231529
21.63500474473261 51544.81279071975 51526.95915231529
21.68502606878198 51604.57832204127 51526.95915231529
21.734998503223473 51580.074772478096 51526.95915231529
21.784983722847944 51505.11133629642 51526.95915231529
21.835016288625095 51538.42366332715 51526.95915231529
21.885011296860547 51536.393374497806 51526.95915231529
21.935003956266502 51529.18946432666 51526.95915231529
21.98500350011211 51544.344165892915 51526.95915231529
22.03500875266101 51507.33140657687 51526.95915231529
22.08500932753569 51559.7132459845 51526.95915231529
22.135004234629243 51528.5739579204 51526.95915231529
22.1850004699001 51551.70897270203 51526.95915231529
22.2349965393273 51485.729027360576 51526.95915231529
22.285009423470928 51516.954139563146 51526.95915231529
22.335001781870588 51531.26880183203 51526.95915231529
22.384992405845693 51495.667444036844 51526.95915231529
22.434995199951096 51526.043374267996 51526.95915231529
22.485011279851193 51496.979396159804 51526.95915231529
22.535013235708373 51503.3820950763 51526.95915231529
22.585015609926792 51540.081893469105 51526.95915231529
22.63501775945523 51569.70040932227 51526.95915231529
22.685011097642025 51551.641075550004 51526.95915231529
22.735022608586203 51562.654675174665 51526.95915231529
22.78501325049037 51540.01736543274 51526.95915231529
22.835003195941283 51580.250572562785 51526.95915231529
22.88500300594061 51540.6737464713 51526.95915231529
22.935011258951786 51545.84770627505 51526.95915231529
22.98501863096653 51550.16119577442 51526.95915231529
23.0349906187688 51587.30672579095 51526.95915231529
23.08496183656522 51538.457424215434 51526.95915231529
23.13498003805497 51580.051514147264 51526.95915231529
23.18500981382652 51570.22482066751 51526.95915231529
23.235015213300635 51574.82391473994 51526.95915231529
23.285010037997267 51581.67321835084 51526.95915231529
23.335016359871542 51531.54816529041 51526.95915231529
23.38502484387048 51584.001523146784 51526.95915231529
23.435020808100347 51539.03742490084 51526.95915231529
23.485001466784556 51537.757746778625 51526.95915231529
23.535001683520306 51548.76730352038 51526.95915231529
23.585019482826823 51543.582312632876 51526.95915231529
23.635009817692215 51575.54364315492 51526.95915231529
23.685008373019823 51619.82186613598 51526.95915231529
23.735027582873165 51549.9444500093 51526.95915231529
23.78503256470155 51566.164231404684 51526.95915231529
23.835031207342187 51564.204158936554 51526.95915231529
23.88503019084897 51542.37416497385 51526.95915231529
23.935009007664057 51593.80026711648 51526.95915231529
23.985002831511764 51573.95247669065 51526.95915231529
24.034977193208505 51556.052923964024 51526.95915231529
24.084979858450623 51554.383651092736 51526.95915231529
24.135021399406153 51528.55086361128 51526.95915231529
24.185021034159707 51500.21841192995 51526.95915231529
24.23501292736868 51559.43721557191 51526.95915231529
24.285023713868735 51531.16941115378 51526.95915231529
24.33501358675616 51571.70155090223 51526.95915231529
24.385010459934268 51595.2628161044 51526.95915231529
24.435011913312415 51573.964311457166 51526.95915231529
24.485009250293245 51564.16168577658 51526.95915231529
24.535016722856383 51547.72842636966 51526.95915231529
24.584995057508554 51563.2451925301 51526.95915231529
24.635012158902658 51541.42335321066 51526.95915231529
24.685034691358126 51576.88919480505 51526.95915231529
24.735035106616554 51502.02488220349 51526.95915231529
24.78502283439363 51533.82040906028 51526.95915231529
24.835011598489665 51551.07142343559 51526.95915231529
24.88502325534942 51550.058636311376 51526.95915231529
24.935027474193532 51567.46439219535 51526.95915231529
24.98500846063419 51557.33960840818 51526.95915231529
25.03501043822399 51540.5218217744 51526.95915231529
25.08500820003941 51560.89199841415 51526.95915231529
25.135013643593453 51586.92462155571 51526.95915231529
25.185022746951862 51546.92206131327 51526.95915231529
25.235011898580808 51541.6424953533 51526.95915231529
25.28502355332711 51526.71878042757 51526.95915231529
25.335023729877907 51545.24988467459 51526.95915231529
25.385017186403612 51549.1010237308 51526.95915231529
25.435011709096777 51586.720394927484 51526.95915231529
25.484993554295382 51538.48953146885 51526.95915231529
25.53500016225883 51557.17165739213 51526.95915231529
25.585029583837997 51549.808336991475 51526.95915231529
25.63502375540807 51605.15922872271 51526.95915231529
25.685021021936222 51562.23747005819 51526.95915231529
25.735036876020544 51519.23886516 51526.95915231529
25.785006346557154 51538.727303749176 51526.95915231529
25.835000282710485 51611.31058382873 51526.95915231529
25.885030789680812 51595.475529774674 51526.95915231529
25.935007032325473 51592.050127939605 51526.95915231529
25.98499416361709 51583.31377824961 51526.95915231529
26.035014055755237 51555.70245446201 51526.95915231529
26.085027930348918 51570.903635658244 51526.95915231529
26.135034622437313 51559.134547422036 51526.95915231529
26.185033040410637 51596.93353228649 51526.95915231529
26.235031004141227 51578.82509546057 51526.95915231529
26.28503278569175 51547.553699081385 51526.95915231529
26.335019717976817 51579.074740059354 51526.95915231529
26.385007524584132 51578.18252512355 51526.95915231529
26.435027445829057 51554.911936835975 51526.95915231529
26.48502874896273 51583.369272175885 51526.95915231529
26.53502591406861 51584.201513327615 51526.95915231529
26.585033854886976 51575.42670056707 51526.95915231529
26.635020461918803 51617.64023938328 51526.95915231529
26.685018612351012 51576.65646078708 51526.95915231529
26.735012423492975 51547.62753347219 51526.95915231529
26.78500763081469 51552.696273805865 51526.95915231529
26.83501405251716 51528.40639294745 51526.95915231529
26.88500549083458 51573.78302009192 51526.95915231529
26.93500274680718 51521.58701630591 51526.95915231529
26.985017968113926 51553.278117859714 51526.95915231529
27.035023440384837 51562.65499966203 51526.95915231529
27.08501388446697 51566.2574713563 51526.95915231529
27.135019022440712 51564.563027840464 51526.95915231529
27.185034746936005 51565.95731566927 51526.95915231529
27.23501869071011 51594.538153500485 51526.95915231529
27.28500583054271 51539.19769547949 51526.95915231529
27.33500587487881 51576.189017771736 51526.95915231529
27.385015063295434 51595.41202800127 51526.95915231529
27.435019828050528 51542.05750836394 51526.95915231529
27.48500614083683 51584.316221187866 51526.95915231529
27.535023011127258 51578.550235015784 51526.95915231529
27.585034221494823 51577.940683580906 51526.95915231529
27.635029764976675 51582.59977974208 51526.95915231529
27.685031954139806 51585.464441230266 51526.95915231529
27.735033013527513 51588.018638288835 51526.95915231529
27.785024955269275 51604.92362069834 51526.95915231529
27.835013772923205 51611.98412054251 51526.95915231529
27.885011712725802 51593.628645473786 51526.95915231529
27.935008293126145 51578.569809217355 51526.95915231529
27.985012100425124 51567.61555925073 51526.95915231529
28.035024039176285 51585.530861272695 51526.95915231529
28.085023898510894 51572.10296381689 51526.95915231529
28.135026332940136 51601.631651400305 51526.95915231529
28.185025692888782 51576.5387609871 51526.95915231529
28.23500973080711 51578.950819822945 51526.95915231529
28.285016023042715 51605.910528848464 51526.95915231529
28.335028900813505 51606.9889741775 51526.95915231529
28.385020999487384 51610.116430986716 51526.95915231529
28.43502363380337 51593.066109161395 51526.95915231529
28.485023444445215 51586.22963342216 51526.95915231529
28.535018735364076 51567.007616990646 51526.95915231529
28.585029168360432 51578.49495795624 51526.95915231529
28.635026877050674 51584.56258351654 51526.95915231529
28.685014219868297 51567.590363703384 51526.95915231529
28.735003735421113 51586.37139996926 51526.95915231529
28.785001402228147 51586.58085968343 51526.95915231529
28.835030137959745 51582.143494015974 51526.95915231529
28.88504442661258 51565.67346088497 51526.95915231529
28.935034268847293 51563.44192151719 51526.95915231529
28.985047861064913 51582.70074195345 51526.95915231529
29.03503970608606 51562.637001483694 51526.95915231529
29.085002141018837 51576.37432831944 51526.95915231529
29.135016393492272 51568.74942465467 51526.95915231529
29.18502565548513 51554.94136097195 51526.95915231529
29.235003854565072 51577.658161670326 51526.95915231529
29.28501720803456 51548.18218790905 51526.95915231529
29.335021485741148 51599.36697868647 51526.95915231529
29.385023747266885 51604.59026484785 51526.95915231529
29.435031239261974 51606.02971569776 51526.95915231529
29.485039496503234 51590.20349853497 51526.95915231529
29.535056723947616 51586.89809554984 51526.95915231529
29.585039430842237 51576.76890892014 51526.95915231529
29.635029330827404 51577.508653424855 51526.95915231529
29.685030510089145 51579.01651059933 51526.95915231529
29.735014592664193 51613.052144447785 51526.95915231529
29.785029500831296 51607.01513257573 51526.95915231529
29.83505016925299 51628.58620280688 51526.95915231529
29.88504266015853 51608.925812811896 51526.95915231529
29.935034572161452 51620.60050522509 51526.95915231529
29.985027198796583 51581.6110935051 51526.95915231529
30.035012506856845 51585.25440270295 51526.95915231529
30.085013520559762 51581.93553570286 51526.95915231529
30.135023831955223 51588.199527065015 51526.95915231529
30.185015356792164 51566.7977655453 51526.95915231529
30.235007864807404 51610.184178454736 51526.95915231529
30.285021499954976 51611.77907135036 51526.95915231529
30.33502977586886 51610.61418255294 51526.95915231529
30.385016966007974 51650.54260745358 51526.95915231529
30.43501980656682 51614.333920892255 51526.95915231529
30.485021907134463 51638.033631593236 51526.95915231529
30.535009053385746 51587.57981684889 51526.95915231529
30.58501970980405 51614.16313248942 51526.95915231529
30.635026727727194 51621.41332715464 51526.95915231529
30.685014544116957 51602.17101231391 51526.95915231529
30.735019935550714 51615.7048741157 51526.95915231529
30.785017626929644 51576.255950982646 51526.95915231529
30.83499034241288 51612.029466963766 51526.95915231529
30.88500597954971 51614.848208810174 51526.95915231529
30.9350200177471 51614.30115836035 51526.95915231529
30.985016244295117 51646.25658957049 51526.95915231529
31.035017868901495 51654.76948124514 51526.95915231529
31.08500823847495 51612.59221737804 51526.95915231529
31.135019940244188 51618.811279108166 51526.95915231529
31.185016552193744 51617.024218868915 51526.95915231529
31.235004554291066 51583.06994210973 51526.95915231529
31.28502030240842 51617.69036053223 51526.95915231529
31.335003718077246 51584.19579391979 51526.95915231529
31.384995054077347 51595.863748461736 51526.95915231529
31.43501934226396 51599.55564077733 51526.95915231529
31.485029607559692 51583.130771352575 51526.95915231529
31.53503796523134 51581.16783414673 51526.95915231529
31.585031521224742 51597.80535582665 51526.95915231529
31.6350193937159 51611.71635890272 51526.95915231529
31.685017346785276 51620.04662364919 51526.95915231529
31.73501706418033 51596.66492105054 51526.95915231529
31.785008744571766 51602.303639131795 51526.95915231529
31.835015676032306 51587.99419315829 51526.95915231529
31.885019726904996 51565.42139461464 51526.95915231529
31.93501246506677 51601.07217574566 51526.95915231529
31.985014697381967 51611.21356935198 51526.95915231529
32.035002635415 51625.06124330481 51526.95915231529
32.08500244541776 51612.3649358318 51526.95915231529
32.1350160672886 51645.348752165744 51526.95915231529
32.18500866515195 51650.567311823885 51526.95915231529
32.2350016845045 51621.429070780694 51526.95915231529
32.285012573735315 51632.76266337025 51526.95915231529
32.335022555111664 51637.013005569956 51526.95915231529
32.3850256395378 51652.71678411506 51526.95915231529
32.435018449676335 51634.28129398552 51526.95915231529
32.485007580765725 51628.70972364415 51526.95915231529
32.535017802366085 51627.83807108198 51526.95915231529
32.585014160927166 51641.943091066125 51526.95915231529
32.63501087710874 51625.99043823495 51526.95915231529
32.68501952700847 51636.30891839305 51526.95915231529
32.735005210150334 51616.167298596 51526.95915231529
32.785009632216 51639.727303187836 51526.95915231529
32.835020792478936 51599.86060539795 51526.95915231529
32.885012204971794 51620.127244022304 51526.95915231529
32.93501976646757 51633.43578544517 51526.95915231529
32.98502495767602 51615.70418448973 51526.95915231529
33.035012441003175 51593.04005397126 51526.95915231529
33.08500641093955 51652.855912699364 51526.95915231529
33.135004775347134 51650.5899971509 51526.95915231529
33.185009335196796 51641.910036371 51526.95915231529
33.23501695941841 51655.17733963828 51526.95915231529
33.284999336258906 51635.76385417011 51526.95915231529
33.335001638215346 51658.73324841839 51526.95915231529
33.38502197587026 51650.700201584455 51526.95915231529
33.43502100630072 51638.08446048291 51526.95915231529
33.48502383926718 51623.30543054732 51526.95915231529
33.53501631116261 51622.11274557958 51526.95915231529
33.58500285966453 51647.105300884985 51526.95915231529
33.63499031333172 51661.99338549262 51526.95915231529
33.68499758905894 51646.12021041751 51526.95915231529
33.735021356205 51639.53999736572 51526.95915231529
33.78502001899818 51669.81594307131 51526.95915231529
33.835016461542395 51630.71271836293 51526.95915231529
33.8850145737429 51675.85299221408 51526.95915231529
33.935005794013044 51638.53708603053 51526.95915231529
33.98501067757955 51620.06002080796 51526.95915231529
34.035007884851964 51629.08210298405 51526.95915231529
34.084994853111745 51649.347019110755 51526.95915231529
34.13500516088593 51622.63962356016 51526.95915231529
34.18501665160975 51655.56674796804 51526.95915231529
34.23501616259434 51646.06660005822 51526.95915231529
34.28502424515663 51657.728067377095 51526.95915231529
34.335010251606185 51640.37580253844 51526.95915231529
34.38500747288221 51661.078095806806 51526.95915231529
34.43500700426738 51641.48499816356 51526.95915231529
