#k, Pk, shotnoise
0.04341288312123372 70156.57211538462 3598.289449321791
0.08702917279381502 44074.368421052626 3598.289449321791
0.1383580533618277 35735.55454545454 3598.289449321791
0.18816021908589495 31620.441734417345 3598.289449321791
0.23625913419086358 24513.32068965517 3598.289449321791
0.28659649923986236 23235.445396145613 3598.289449321791
0.336496845727412 22332.094196804035 3598.289449321791
0.38526394865674995 20763.69395465995 3598.289449321791
0.4353385396840001 20078.31939163498 3598.289449321791
0.48579519714601554 18833.342115459123 3598.289449321791
0.5357681057561946 19374.45629820051 3598.289449321791
0.5857795564823571 18796.666489503055 3598.289449321791
0.6358369352385822 17901.441310282076 3598.289449321791
0.6855912190764698 18706.397486252947 3598.289449321791
0.7357376365332933 17770.005019240423 3598.289449321791
0.785888316635595 18123.314593301435 3598.289449321791
0.8354508673961637 17896.89406779661 3598.289449321791
0.8853431150659767 17625.388260007003 3598.289449321791
0.9357076450136291 17656.823358873473 3598.289449321791
0.9855134011183664 17398.03394381053 3598.289449321791
1.0355603946178449 17279.236363636366 3598.289449321791
1.0856093068854897 17083.679394130642 3598.289449321791
1.1352793302749726 16833.891497056946 3598.289449321791
1.1855424738245635 16963.202282157676 3598.289449321791
1.235589962480957 16636.42407429743 3598.289449321791
1.2854141752703863 16543.61450063843 3598.289449321791
1.335103210186715 16533.7637992085 3598.289449321791
1.3849150178231553 16056.022826707249 3598.289449321791
1.4353360222887381 15868.420210193042 3598.289449321791
1.485613306637673 16067.919507733244 3598.289449321791
1.535354716705412 15574.528501469147 3598.289449321791
1.5853718463791757 15694.181897238932 3598.289449321791
1.635383384573632 15474.028945554788 3598.289449321791
1.6851318639482276 15479.35563688182 3598.289449321791
1.735224381186698 15310.06057669009 3598.289449321791
1.7852024682840006 15169.773257829655 3598.289449321791
1.8351534362292543 14906.720646894419 3598.289449321791
1.8852386227218252 14893.6600072273 3598.289449321791
1.9351796775515677 14893.615804548459 3598.289449321791
1.9852060540040126 14745.71715294555 3598.289449321791
2.0352229355666753 14516.9640989274 3598.289449321791
2.0851975909499876 14510.303831022658 3598.289449321791
2.1353618591114527 14380.899175142149 3598.289449321791
2.1852158606399072 14262.975727025978 3598.289449321791
2.235016101084209 14375.900591109566 3598.289449321791
2.2851621441693877 14266.91128072264 3598.289449321791
2.3350632002792198 14079.523720930232 3598.289449321791
2.3851032403022625 14060.01176922093 3598.289449321791
2.4352231747130406 13884.252216504434 3598.289449321791
2.485164951691251 13835.641537116351 3598.289449321791
2.5351776357427003 13733.753948984548 3598.289449321791
2.5852819577913158 13625.674378000873 3598.289449321791
2.635367029706435 13568.11154978675 3598.289449321791
2.685276266805426 13486.351391370947 3598.289449321791
2.7350574577609077 13363.650034445429 3598.289449321791
2.7849721239192875 13237.427886828531 3598.289449321791
2.8351149786725958 13153.13844336408 3598.289449321791
2.8853070427774172 13051.581512144307 3598.289449321791
2.935323261063467 13007.564393616114 3598.289449321791
2.985188638080608 12939.925580627862 3598.289449321791
3.035129942492686 12846.985053847913 3598.289449321791
3.0852485783280996 12711.872976911867 3598.289449321791
3.1353289416304984 12646.74526787381 3598.289449321791
3.185162918877009 12574.360979154366 3598.289449321791
3.235126001934966 12567.795072241222 3598.289449321791
3.2851865492140133 12411.324330066886 3598.289449321791
3.3350534059974843 12378.025168896542 3598.289449321791
3.3850939970033616 12305.992940503067 3598.289449321791
3.43511475165383 12248.288226985773 3598.289449321791
3.4850854195331293 12160.937975864455 3598.289449321791
3.5352082343345357 12126.971641069938 3598.289449321791
3.585149270750284 11993.537820957668 3598.289449321791
3.635054437042299 11951.880454406577 3598.289449321791
3.685084700566753 11868.985213714348 3598.289449321791
3.73509944865768 11816.63950527943 3598.289449321791
3.785051007483472 11710.224179876564 3598.289449321791
3.835038522570464 11731.5713155452 3598.289449321791
3.8850978264484968 11533.175968785596 3598.289449321791
3.935166238680769 11570.457257778304 3598.289449321791
3.985142781648064 11447.568425979971 3598.289449321791
4.035189059350149 11445.200637729326 3598.289449321791
4.085190017250174 11361.735478616863 3598.289449321791
4.135083680485083 11310.68730423944 3598.289449321791
4.185096781549818 11207.12789082974 3598.289449321791
4.235143734713746 11156.290298686637 3598.289449321791
4.285212920650457 11116.775902942407 3598.289449321791
4.335156942132565 11046.747207087137 3598.289449321791
4.385075689502319 10983.787189719053 3598.289449321791
4.435182893855874 10923.106365564196 3598.289449321791
4.485134787079134 10861.405282756476 3598.289449321791
4.535153570409619 10830.64128666841 3598.289449321791
4.585195490118877 10772.446467971842 3598.289449321791
4.634988284169842 10669.562815878293 3598.289449321791
4.684988536401403 10684.503100191709 3598.289449321791
4.735055149526006 10607.500270239285 3598.289449321791
4.784992601884696 10563.030360797286 3598.289449321791
4.835102168559994 10529.518790537219 3598.289449321791
4.885240090770058 10476.856379876608 3598.289449321791
4.935164821322969 10399.708443934285 3598.289449321791
4.985095062831815 10376.175013645281 3598.289449321791
5.035126019612272 10326.987958765269 3598.289449321791
5.085108160495513 10256.803338008913 3598.289449321791
5.135080190698462 10202.948000583872 3598.289449321791
5.185025723828203 10170.171884017389 3598.289449321791
5.2350215730461525 10100.11107400927 3598.289449321791
5.285111848206311 10050.730362547662 3598.289449321791
5.335115651977223 10024.260929265582 3598.289449321791
5.385119770278601 9963.366831251815 3598.289449321791
5.4351926098243855 9927.300012390038 3598.289449321791
5.485189311357592 9942.20964361866 3598.289449321791
5.535152917170193 9874.666921972235 3598.289449321791
5.585120407661825 9829.95618514248 3598.289449321791
5.635126411356671 9788.764371377432 3598.289449321791
5.685141241486292 9758.636844615 3598.289449321791
5.735061725145519 9741.995628152908 3598.289449321791
5.785052612665086 9705.09957169348 3598.289449321791
5.835135366980581 9669.295792810703 3598.289449321791
5.885165526969623 9623.297149798984 3598.289449321791
5.935080912247088 9585.096101020441 3598.289449321791
5.985070685813989 9564.054767686248 3598.289449321791
6.035090765810211 9507.949809529331 3598.289449321791
6.085074017002084 9444.063542305486 3598.289449321791
6.135033494954541 9426.85194415898 3598.289449321791
6.185012338373112 9408.047144811488 3598.289449321791
6.23505882513704 9351.97442739814 3598.289449321791
6.285031896066973 9302.749526740608 3598.289449321791
6.335021048604968 9270.219146819058 3598.289449321791
6.385063305227329 9231.552745041678 3598.289449321791
6.43503585825857 9207.25195888178 3598.289449321791
6.4850376659249 9165.075711837424 3598.289449321791
6.535059309715584 9119.74978518646 3598.289449321791
6.585042645027699 9079.495301468833 3598.289449321791
6.635028518249684 9039.543779224352 3598.289449321791
6.685039504422045 9004.045541185455 3598.289449321791
6.735099846881587 8981.644884573754 3598.289449321791
6.785067713678883 8932.433675728504 3598.289449321791
6.835084625409436 8904.540953558386 3598.289449321791
6.885145273527135 8910.072214569824 3598.289449321791
6.935115025047961 8875.137862655969 3598.289449321791
6.985075936387851 8830.254868088385 3598.289449321791
7.0350324326575215 8795.505324671472 3598.289449321791
7.084987528951054 8787.49370390736 3598.289449321791
7.135036875133114 8745.768333943926 3598.289449321791
7.185080507040008 8730.222358032675 3598.289449321791
7.235072949523245 8678.685103888718 3598.289449321791
7.285071412014761 8654.137157555559 3598.289449321791
7.335045756281506 8627.746888560392 3598.289449321791
7.385035590389558 8610.59919533408 3598.289449321791
7.435091746474697 8558.681483589013 3598.289449321791
7.485127553716961 8550.751063690515 3598.289449321791
7.5350614787025645 8493.194402602929 3598.289449321791
7.584996372640318 8479.43156632959 3598.289449321791
7.634990718623591 8443.198811163875 3598.289449321791
7.685077179311925 8434.302302252714 3598.289449321791
7.735105298615414 8414.137549513836 3598.289449321791
7.785068775939355 8398.986923589688 3598.289449321791
7.835045769748377 8388.103952963975 3598.289449321791
7.884988014238579 8358.877318857682 3598.289449321791
7.9349880402215 8367.216784844188 3598.289449321791
7.985032145561997 8326.250143615433 3598.289449321791
8.035019560441722 8283.893330983503 3598.289449321791
8.085048282127541 8273.691276745169 3598.289449321791
8.135043786635293 8245.047497418014 3598.289449321791
8.184993633281596 8220.935566562808 3598.289449321791
8.235040651637977 8213.47804577712 3598.289449321791
8.285081408042792 8168.91573723251 3598.289449321791
8.335067062853074 8158.335406187396 3598.289449321791
8.385069050276662 8113.587814899443 3598.289449321791
8.4350451812845 8099.788489616923 3598.289449321791
8.48500986073133 8075.110777913404 3598.289449321791
8.535005128459817 8038.732864329706 3598.289449321791
8.585031781666418 8017.478044039763 3598.289449321791
8.63508899183519 7984.578445873894 3598.289449321791
8.685094003563902 7979.14380874123 3598.289449321791
8.735056716539594 7979.228637829896 3598.289449321791
8.785060636469806 7936.019434519997 3598.289449321791
8.835061625192933 7920.641227690745 3598.289449321791
8.885071652692128 7893.220910107866 3598.289449321791
8.935072808097303 7865.92106098161 3598.289449321791
8.984966565832924 7853.466777002116 3598.289449321791
9.034931405643807 7821.007718101988 3598.289449321791
9.084976753380838 7788.699174793698 3598.289449321791
9.135020132730524 7767.465063914496 3598.289449321791
9.18500566388272 7748.419616962349 3598.289449321791
9.235029287035493 7736.332967635765 3598.289449321791
9.285089505841155 7723.395136891247 3598.289449321791
9.335043784012097 7693.241621088647 3598.289449321791
9.38499880970139 7665.341146055581 3598.289449321791
9.43500091110014 7668.198537652114 3598.289449321791
9.485018067277219 7637.942119566324 3598.289449321791
9.53502459509746 7628.905012674048 3598.289449321791
9.585065075434208 7608.093555134973 3598.289449321791
9.63509479314611 7609.264368633307 3598.289449321791
9.68502694156073 7568.852791520197 3598.289449321791
9.734994148685924 7543.994404145878 3598.289449321791
9.785030224657293 7533.815738522877 3598.289449321791
9.834986898964573 7506.891401120532 3598.289449321791
9.884961064842653 7509.4159961926325 3598.289449321791
9.934947823711603 7483.050739346355 3598.289449321791
9.98497155826544 7470.075979465802 3598.289449321791
10.035068394450732 7444.458862927301 3598.289449321791
10.08504736388683 7440.947111628541 3598.289449321791
10.134982083234746 7406.37763955639 3598.289449321791
10.18496034842464 7394.855589299035 3598.289449321791
10.2349878558534 7376.833119472409 3598.289449321791
10.284994612678187 7357.047807783211 3598.289449321791
10.334928010572039 7358.043458763657 3598.289449321791
10.38498929895474 7330.104149008324 3598.289449321791
10.43509244535989 7320.569580769011 3598.289449321791
10.485055266658426 7296.034102801171 3598.289449321791
10.535034794290171 7288.045202513597 3598.289449321791
10.585035508055494 7257.050548443077 3598.289449321791
10.634983143687723 7257.258532778314 3598.289449321791
10.685006381276768 7234.434479918073 3598.289449321791
10.735006676672405 7202.237139088378 3598.289449321791
10.78497933015745 7197.818744787931 3598.289449321791
10.835032087986589 7163.959142809914 3598.289449321791
10.885044718709993 7169.865389898477 3598.289449321791
10.935053165032283 7152.3093561106225 3598.289449321791
10.985022983212868 7140.395415708307 3598.289449321791
11.035012257832694 7127.669377088684 3598.289449321791
11.08507124971218 7122.9763746178505 3598.289449321791
11.135067244649639 7089.220051409319 3598.289449321791
11.185067878039797 7067.629791630211 3598.289449321791
11.23511991731726 7057.6382117947305 3598.289449321791
11.285070988027377 7041.007367530303 3598.289449321791
11.335008945269172 7016.842484905376 3598.289449321791
11.385056995381284 7003.648079558136 3598.289449321791
11.435040998762563 6997.684721421768 3598.289449321791
11.484997589541514 6969.191216783528 3598.289449321791
11.535002709712735 6958.795274419629 3598.289449321791
11.585007015607772 6956.899984907969 3598.289449321791
11.635012760441734 6939.856491968733 3598.289449321791
11.685022160997386 6919.096892286138 3598.289449321791
11.735004678002431 6915.151997474224 3598.289449321791
11.78503557903781 6894.725507037133 3598.289449321791
11.835056122566366 6875.335154575232 3598.289449321791
11.885062035960958 6860.865819490917 3598.289449321791
11.93504307114818 6854.164131982418 3598.289449321791
11.984987877224366 6841.057702552259 3598.289449321791
12.035019985816996 6815.004366061519 3598.289449321791
12.085027452056854 6804.860435905423 3598.289449321791
12.135029717749141 6797.045120828159 3598.289449321791
12.185049514602692 6775.292654619447 3598.289449321791
12.235030581725168 6764.157555174939 3598.289449321791
12.284990531781895 6753.053168989468 3598.289449321791
12.334984786037579 6739.477048306114 3598.289449321791
12.385007580463888 6722.475978737499 3598.289449321791
12.435022470221394 6719.642288602026 3598.289449321791
12.485036408135507 6705.170282146106 3598.289449321791
12.535033996836317 6694.511853368427 3598.289449321791
12.585036890399214 6690.692687712738 3598.289449321791
12.635069047983198 6671.0756648562465 3598.289449321791
12.685056982524817 6647.124962286888 3598.289449321791
12.735021291521845 6637.004607169823 3598.289449321791
12.785040512014115 6621.1015678178555 3598.289449321791
12.835044578857659 6614.1816635232235 3598.289449321791
12.885017981448232 6602.297570027393 3598.289449321791
12.935051764874233 6590.619338943564 3598.289449321791
12.985073048588127 6569.478632301904 3598.289449321791
13.035029302238987 6568.407222803856 3598.289449321791
13.085027477840555 6553.020652651392 3598.289449321791
13.135068585086897 6537.928038801567 3598.289449321791
13.18501218073689 6535.318433987558 3598.289449321791
13.234989624488328 6521.116319092722 3598.289449321791
13.285021553250672 6518.09388770441 3598.289449321791
13.335000383135688 6508.612635523958 3598.289449321791
13.385018724677195 6492.656003174908 3598.289449321791
13.435036149096648 6482.522469115751 3598.289449321791
13.485038568431213 6481.28375550769 3598.289449321791
13.535067000966054 6458.4265677936455 3598.289449321791
13.585031501086242 6448.759695726632 3598.289449321791
13.63500648429956 6443.291926303567 3598.289449321791
13.685031173330934 6429.231400183712 3598.289449321791
13.735011391815984 6414.981513504952 3598.289449321791
13.785041625191285 6414.171798527881 3598.289449321791
13.835082307117508 6396.604630237637 3598.289449321791
13.885019065535845 6384.501508030674 3598.289449321791
13.93502104570284 6374.52322998956 3598.289449321791
13.98506755194598 6363.062610196196 3598.289449321791
14.035048957435784 6359.001331021454 3598.289449321791
14.085069252126342 6348.605671964317 3598.289449321791
14.13502803225048 6338.0572684005265 3598.289449321791
14.185020156527225 6330.130474716409 3598.289449321791
14.235047520057522 6316.554255740983 3598.289449321791
14.285006525274104 6306.139174291681 3598.289449321791
14.335032199112426 6299.730400153878 3598.289449321791
14.385049475481349 6285.401710371834 3598.289449321791
14.435012365485335 6278.4527645263515 3598.289449321791
14.485028103928473 6267.994029423421 3598.289449321791
14.53505635862945 6259.388349901907 3598.289449321791
14.585049384521781 6255.141405811152 3598.289449321791
14.635041978996163 6239.8660070603655 3598.289449321791
14.68505834422733 6232.414965740783 3598.289449321791
14.735057544034026 6227.19699401574 3598.289449321791
14.785042938101077 6215.564048124557 3598.289449321791
14.835018367671536 6207.726084787448 3598.289449321791
14.88501593350004 6202.381969408847 3598.289449321791
14.93505667728631 6197.318980443476 3598.289449321791
14.985037780412144 6188.7323594995805 3598.289449321791
15.035029326405246 6175.757557300381 3598.289449321791
15.085017146241915 6182.6346817530675 3598.289449321791
15.13502949271832 6160.313026092427 3598.289449321791
15.185074956445542 6152.488614983341 3598.289449321791
15.235014583768137 6146.686651660249 3598.289449321791
15.284985196983703 6137.013296292057 3598.289449321791
15.335007327706704 6129.735077988845 3598.289449321791
15.385016900175769 6129.949467968782 3598.289449321791
15.435055354503296 6118.176736407848 3598.289449321791
15.485075423957477 6110.589087350134 3598.289449321791
15.535067008375348 6110.157962037916 3598.289449321791
15.585056137305994 6093.683283115816 3598.289449321791
15.635080645911344 6090.883906849362 3598.289449321791
15.68507631747311 6083.335567434272 3598.289449321791
15.735017638740556 6077.112059705119 3598.289449321791
15.785017494429317 6069.173560054818 3598.289449321791
15.835053471498941 6069.480462887597 3598.289449321791
15.885053081647781 6060.673306700523 3598.289449321791
15.9350229094531 6051.29204561338 3598.289449321791
15.98504512334694 6039.3602741256655 3598.289449321791
16.03501691210065 6029.206351021639 3598.289449321791
16.084990984877102 6030.892413211589 3598.289449321791
16.13503138072936 6018.355268771181 3598.289449321791
16.185013797989402 6007.970467797455 3598.289449321791
16.235042563750063 5997.492906415499 3598.289449321791
16.28504481368448 5993.044608033849 3598.289449321791
16.335016904427594 5985.215871800725 3598.289449321791
16.385036564505228 5979.372294786054 3598.289449321791
16.435023196441776 5971.225705184433 3598.289449321791
16.4850210306131 5958.830298423186 3598.289449321791
16.535020361552483 5950.424703234484 3598.289449321791
16.585006008896602 5945.406089549375 3598.289449321791
16.635020340269822 5943.2909388769185 3598.289449321791
16.68501233613687 5932.102938230736 3598.289449321791
16.735008190469486 5921.80665490534 3598.289449321791
16.78501872464632 5912.587578152356 3598.289449321791
16.834996753306825 5911.8821224379935 3598.289449321791
16.884989565692962 5899.5725453734985 3598.289449321791
16.93501590895783 5890.427282609112 3598.289449321791
16.984997004714455 5889.181605993695 3598.289449321791
17.03499519696678 5881.062974898365 3598.289449321791
17.08505495150239 5877.245235681957 3598.289449321791
17.13503678656837 5868.5179759382745 3598.289449321791
17.185008766760685 5864.580981740868 3598.289449321791
17.23503159853936 5862.427503419796 3598.289449321791
17.285012193401585 5853.1802852345645 3598.289449321791
17.335003675890864 5843.366600876043 3598.289449321791
17.385007421339544 5838.977890555885 3598.289449321791
17.435019126105797 5838.172585200107 3598.289449321791
17.485026664977102 5828.721795667344 3598.289449321791
17.535014582832556 5824.075484041835 3598.289449321791
17.585038663685136 5814.508654520636 3598.289449321791
17.63501481642067 5803.160327081508 3598.289449321791
17.684978864140014 5806.7625734619605 3598.289449321791
17.73500931212016 5802.984214883442 3598.289449321791
17.78502599493798 5799.959236058698 3598.289449321791
17.83500792706245 5789.171691481129 3598.289449321791
17.88501913393329 5788.886742605993 3598.289449321791
17.935001270241173 5778.387495994702 3598.289449321791
17.985000833056873 5775.838176039695 3598.289449321791
18.035033484505615 5769.899827085959 3598.289449321791
18.085035027115296 5768.818225187231 3598.289449321791
18.13503126803246 5758.261672174259 3598.289449321791
18.185028824969685 5757.401505199159 3598.289449321791
18.23502445489192 5744.265555131846 3598.289449321791
18.28500348105777 5751.828926754988 3598.289449321791
18.33501216664384 5737.383774266582 3598.289449321791
18.385048330486512 5730.026158331421 3598.289449321791
18.43504278413665 5731.45101832818 3598.289449321791
18.485015882402863 5724.496732096279 3598.289449321791
18.53503326548818 5715.160513412633 3598.289449321791
18.585028096210003 5705.912571708476 3598.289449321791
18.635001851057716 5702.724350257363 3598.289449321791
18.685027340496653 5698.248187894537 3598.289449321791
18.735024599574796 5695.970830632853 3598.289449321791
18.785006460729143 5689.484114579343 3598.289449321791
18.835011350453133 5681.821720499337 3598.289449321791
18.88503812543086 5678.307987305726 3598.289449321791
18.935078806133408 5673.039190633988 3598.289449321791
18.985077941711406 5672.090318812383 3598.289449321791
19.035043966062915 5667.470958893776 3598.289449321791
19.085038130542827 5658.077000077465 3598.289449321791
19.13503797189765 5657.944354486095 3598.289449321791
19.18502414041585 5652.318161502029 3598.289449321791
19.23503623227649 5648.936880972379 3598.289449321791
19.285006824296723 5641.919473383371 3598.289449321791
19.335003321220242 5638.896710501351 3598.289449321791
19.385041358278208 5633.171670428674 3598.289449321791
19.435022823772826 5628.340574053214 3598.289449321791
19.485004447028455 5625.413225778259 3598.289449321791
19.535017599431832 5618.042275086613 3598.289449321791
19.58500318432275 5610.3759505477165 3598.289449321791
19.634998641060744 5605.494998631844 3598.289449321791
19.685009229334668 5611.1290352191245 3598.289449321791
19.735004960710366 5602.161397135378 3598.289449321791
19.785037163786352 5597.300431141948 3598.289449321791
19.83503017376143 5593.571527498699 3598.289449321791
19.885024104732004 5584.437941034003 3598.289449321791
19.935024364869008 5591.1552160876045 3598.289449321791
19.98500616368383 5575.864384076611 3598.289449321791
20.035031840170017 5573.282594209328 3598.289449321791
20.085015726665734 5568.475429270161 3598.289449321791
20.135003320410636 5563.322691079079 3598.289449321791
20.185028046890757 5567.839313874273 3598.289449321791
20.235013433787046 5555.954318768693 3598.289449321791
20.284998787412462 5554.846872214204 3598.289449321791
20.335035434933673 5554.384911460819 3598.289449321791
20.385036574054574 5547.623354249658 3598.289449321791
20.43501797804506 5545.914125205221 3598.289449321791
20.48503677952185 5541.4776546849025 3598.289449321791
20.535053734567366 5535.219620047031 3598.289449321791
20.585040055137874 5528.549246534474 3598.289449321791
20.635000466393215 5522.424807959194 3598.289449321791
20.685013784554602 5519.3480674306475 3598.289449321791
20.735039576366667 5511.067920025452 3598.289449321791
20.785013396883116 5512.809240234942 3598.289449321791
20.83499934732452 5510.02833550043 3598.289449321791
20.885018826957428 5501.802157922856 3598.289449321791
20.935026112750414 5499.696245960066 3598.289449321791
20.985038539064178 5491.95688504787 3598.289449321791
21.03503148817928 5491.952298066598 3598.289449321791
21.084994599398737 5486.611286381858 3598.289449321791
21.13500579352836 5481.918737768318 3598.289449321791
21.1850142366415 5477.780742692649 3598.289449321791
21.235006371756423 5472.983413755614 3598.289449321791
21.28500840621597 5467.655789443862 3598.289449321791
21.33498717488422 5463.482200423017 3598.289449321791
21.384995441415512 5463.433136873036 3598.289449321791
21.435015152898156 5457.163543175505 3598.289449321791
21.485030774360574 5459.981206498959 3598.289449321791
21.535019488223085 5445.9608967951135 3598.289449321791
21.584992491428366 5445.599821882211 3598.289449321791
21.63500474473261 5443.309764112733 3598.289449321791
21.68502606878198 5438.4182568294 3598.289449321791
21.734998503223473 5442.504669345449 3598.289449321791
21.784983722847944 5432.99055122121 3598.289449321791
21.835016288625095 5433.097650038238 3598.289449321791
21.885011296860547 5431.620905994862 3598.289449321791
21.935003956266502 5430.065308255362 3598.289449321791
21.98500350011211 5422.801123915986 3598.289449321791
22.03500875266101 5421.242186947203 3598.289449321791
22.08500932753569 5413.310018922782 3598.289449321791
22.135004234629243 5410.313830320347 3598.289449321791
22.1850004699001 5402.357206348094 3598.289449321791
22.2349965393273 5403.674875532637 3598.289449321791
22.285009423470928 5398.687947691168 3598.289449321791
22.335001781870588 5391.49572621288 3598.289449321791
22.384992405845693 5389.363724033466 3598.289449321791
22.434995199951096 5385.990093592082 3598.289449321791
22.485011279851193 5383.60338368475 3598.289449321791
22.535013235708373 5380.956737929829 3598.289449321791
22.585015609926792 5376.913758254354 3598.289449321791
22.63501775945523 5374.629912386276 3598.289449321791
22.685011097642025 5368.65801913873 3598.289449321791
22.735022608586203 5369.778798819906 3598.289449321791
22.78501325049037 5365.316500975499 3598.289449321791
22.835003195941283 5365.941851066361 3598.289449321791
22.88500300594061 5362.365909396424 3598.289449321791
22.935011258951786 5355.525741329535 3598.289449321791
22.98501863096653 5352.227006817583 3598.289449321791
23.0349906187688 5352.234117234967 3598.289449321791
23.08496183656522 5346.708030829116 3598.289449321791
23.13498003805497 5342.403257847391 3598.289449321791
23.18500981382652 5340.455581244559 3598.289449321791
23.235015213300635 5334.67110094305 3598.289449321791
23.285010037997267 5331.960649316043 3598.289449321791
23.335016359871542 5332.098874928585 3598.289449321791
23.38502484387048 5327.679476820532 3598.289449321791
23.435020808100347 5325.692088609497 3598.289449321791
23.485001466784556 5320.118662565467 3598.289449321791
23.535001683520306 5319.674785411824 3598.289449321791
23.585019482826823 5316.333328500576 3598.289449321791
23.635009817692215 5314.040411225205 3598.289449321791
23.685008373019823 5310.5908915546 3598.289449321791
23.735027582873165 5309.994611773185 3598.289449321791
23.78503256470155 5304.299921142458 3598.289449321791
23.835031207342187 5301.6732308387245 3598.289449321791
23.88503019084897 5303.796829101677 3598.289449321791
23.935009007664057 5297.1506313800555 3598.289449321791
23.985002831511764 5296.633861568294 3598.289449321791
24.034977193208505 5286.941666874513 3598.289449321791
24.084979858450623 5286.763417641484 3598.289449321791
24.135021399406153 5281.483260471606 3598.289449321791
24.185021034159707 5278.150412404428 3598.289449321791
24.23501292736868 5273.168229089599 3598.289449321791
24.285023713868735 5270.3925699455995 3598.289449321791
24.33501358675616 5266.865961597961 3598.289449321791
24.385010459934268 5260.808203538724 3598.289449321791
24.435011913312415 5258.652659496349 3598.289449321791
24.485009250293245 5253.964401314767 3598.289449321791
24.535016722856383 5251.166063959104 3598.289449321791
24.584995057508554 5250.997915555978 3598.289449321791
24.635012158902658 5246.6289220801245 3598.289449321791
24.685034691358126 5245.678917786802 3598.289449321791
24.735035106616554 5243.716943331125 3598.289449321791
24.78502283439363 5234.581675895446 3598.289449321791
24.835011598489665 5236.535797881096 3598.289449321791
24.88502325534942 5233.1727889614485 3598.289449321791
24.935027474193532 5230.449333886855 3598.289449321791
24.98500846063419 5228.262552414509 3598.289449321791
25.03501043822399 5223.047403671336 3598.289449321791
25.08500820003941 5221.186240350755 3598.289449321791
25.135013643593453 5220.792106452635 3598.289449321791
25.185022746951862 5214.008378936628 3598.289449321791
25.235011898580808 5212.641950983721 3598.289449321791
25.28502355332711 5210.761544469527 3598.289449321791
25.335023729877907 5208.868403350735 3598.289449321791
25.385017186403612 5204.134898548482 3598.289449321791
25.435011709096777 5200.979093232865 3598.289449321791
25.484993554295382 5202.121718700583 3598.289449321791
25.53500016225883 5191.589316776362 3598.289449321791
25.585029583837997 5197.557062612544 3598.289449321791
25.63502375540807 5191.784201305852 3598.289449321791
25.685021021936222 5186.9713440440855 3598.289449321791
25.735036876020544 5189.093051080639 3598.289449321791
25.785006346557154 5182.30440570789 3598.289449321791
25.835000282710485 5182.381396918093 3598.289449321791
25.885030789680812 5179.511763074141 3598.289449321791
25.935007032325473 5174.619844623244 3598.289449321791
25.98499416361709 5174.993613077031 3598.289449321791
26.035014055755237 5169.721550848915 3598.289449321791
26.085027930348918 5166.316380627831 3598.289449321791
26.135034622437313 5168.32051254525 3598.289449321791
26.185033040410637 5164.134018584763 3598.289449321791
26.235031004141227 5161.159246275955 3598.289449321791
26.28503278569175 5162.434652675191 3598.289449321791
26.335019717976817 5156.595361986673 3598.289449321791
26.385007524584132 5155.430002039135 3598.289449321791
26.435027445829057 5152.5901515926 3598.289449321791
26.48502874896273 5147.914863979312 3598.289449321791
26.53502591406861 5149.234287867409 3598.289449321791
26.585033854886976 5144.578885633845 3598.289449321791
26.635020461918803 5142.942980344793 3598.289449321791
26.685018612351012 5141.446441779082 3598.289449321791
26.735012423492975 5140.146274457285 3598.289449321791
26.78500763081469 5135.189282570307 3598.289449321791
26.83501405251716 5138.899583398456 3598.289449321791
26.88500549083458 5131.652837930335 3598.289449321791
26.93500274680718 5128.051393957521 3598.289449321791
26.985017968113926 5126.882630173494 3598.289449321791
27.035023440384837 5124.209816972778 3598.289449321791
27.08501388446697 5123.203391253925 3598.289449321791
27.135019022440712 5120.187017071538 3598.289449321791
27.185034746936005 5115.589258878166 3598.289449321791
27.23501869071011 5114.990630127743 3598.289449321791
27.28500583054271 5114.752435102293 3598.289449321791
27.33500587487881 5112.994003784488 3598.289449321791
27.385015063295434 5111.594013797403 3598.289449321791
27.435019828050528 5106.442081310994 3598.289449321791
27.48500614083683 5105.843230938733 3598.289449321791
27.535023011127258 5104.3703359790825 3598.289449321791
27.585034221494823 5099.952664361629 3598.289449321791
27.635029764976675 5097.637023681446 3598.289449321791
27.685031954139806 5095.710846323975 3598.289449321791
27.735033013527513 5095.238996822493 3598.289449321791
27.785024955269275 5091.441531405616 3598.289449321791
27.835013772923205 5093.490163813237 3598.289449321791
27.885011712725802 5086.748073288593 3598.289449321791
27.935008293126145 5083.283230759365 3598.289449321791
27.985012100425124 5080.205696157734 3598.289449321791
28.035024039176285 5080.498108202515 3598.289449321791
28.085023898510894 5073.759399055446 3598.289449321791
28.135026332940136 5072.257113341085 3598.289449321791
28.185025692888782 5068.015534400073 3598.289449321791
28.23500973080711 5071.604648691664 3598.289449321791
28.285016023042715 5065.127944733618 3598.289449321791
28.335028900813505 5064.530196579831 3598.289449321791
28.385020999487384 5061.199355187585 3598.289449321791
28.43502363380337 5059.639730954144 3598.289449321791
28.485023444445215 5061.075717364378 3598.289449321791
28.535018735364076 5058.8291441591755 3598.289449321791
28.585029168360432 5055.448003019642 3598.289449321791
28.635026877050674 5057.316701877032 3598.289449321791
28.685014219868297 5050.843817750928 3598.289449321791
28.735003735421113 5052.088616961082 3598.289449321791
28.785001402228147 5048.045089113095 3598.289449321791
28.835030137959745 5044.560024143149 3598.289449321791
28.88504442661258 5044.012070146077 3598.289449321791
28.935034268847293 5043.006904334348 3598.289449321791
28.985047861064913 5041.4704433186025 3598.289449321791
29.03503970608606 5039.865566582798 3598.289449321791
29.085002141018837 5038.196999556721 3598.289449321791
29.135016393492272 5036.865179604801 3598.289449321791
29.18502565548513 5033.6020578210855 3598.289449321791
29.235003854565072 5034.1307822955805 3598.289449321791
29.28501720803456 5031.705070762375 3598.289449321791
29.335021485741148 5031.05409367114 3598.289449321791
29.385023747266885 5027.624642058788 3598.289449321791
29.435031239261974 5024.786930305966 3598.289449321791
29.485039496503234 5027.22076718923 3598.289449321791
29.535056723947616 5024.298466245939 3598.289449321791
29.585039430842237 5023.010385477728 3598.289449321791
29.635029330827404 5025.131831531129 3598.289449321791
29.685030510089145 5018.591273688483 3598.289449321791
29.735014592664193 5019.505746691546 3598.289449321791
29.785029500831296 5015.245380631047 3598.289449321791
29.83505016925299 5016.390169335178 3598.289449321791
29.88504266015853 5010.537401455376 3598.289449321791
29.935034572161452 5009.973164570426 3598.289449321791
29.985027198796583 5008.575959096392 3598.289449321791
30.035012506856845 5007.5107608981625 3598.289449321791
30.085013520559762 5007.09645348371 3598.289449321791
30.135023831955223 5004.934063951561 3598.289449321791
30.185015356792164 5004.2305109445715 3598.289449321791
30.235007864807404 4999.423275884364 3598.289449321791
30.285021499954976 4997.343781701286 3598.289449321791
30.33502977586886 4993.86084096617 3598.289449321791
30.385016966007974 4992.179019983483 3598.289449321791
30.43501980656682 4990.50261256879 3598.289449321791
30.485021907134463 4987.511274729577 3598.289449321791
30.535009053385746 4989.416471096164 3598.289449321791
30.58501970980405 4988.571095416568 3598.289449321791
30.635026727727194 4987.317326285658 3598.289449321791
30.685014544116957 4985.686814509703 3598.289449321791
30.735019935550714 4986.918050198554 3598.289449321791
30.785017626929644 4982.493010374624 3598.289449321791
30.83499034241288 4982.753466532837 3598.289449321791
30.88500597954971 4979.044506561691 3598.289449321791
30.9350200177471 4976.998583813157 3598.289449321791
30.985016244295117 4977.680671582477 3598.289449321791
31.035017868901495 4973.789088804574 3598.289449321791
31.08500823847495 4971.715008475207 3598.289449321791
31.135019940244188 4968.761050722155 3598.289449321791
31.185016552193744 4965.78630760372 3598.289449321791
31.235004554291066 4966.5804411598565 3598.289449321791
31.28502030240842 4962.558900036883 3598.289449321791
31.335003718077246 4962.436840218956 3598.289449321791
31.384995054077347 4960.267564623561 3598.289449321791
31.43501934226396 4958.89838600744 3598.289449321791
31.485029607559692 4960.535588913679 3598.289449321791
31.53503796523134 4956.60570546809 3598.289449321791
31.585031521224742 4957.319588341363 3598.289449321791
31.6350193937159 4955.314187925291 3598.289449321791
31.685017346785276 4952.066164475561 3598.289449321791
31.73501706418033 4952.021308455028 3598.289449321791
31.785008744571766 4944.32805210487 3598.289449321791
31.835015676032306 4942.593935932047 3598.289449321791
31.885019726904996 4943.995746370871 3598.289449321791
31.93501246506677 4939.054795083054 3598.289449321791
31.985014697381967 4941.351361579879 3598.289449321791
32.035002635415 4937.120601644976 3598.289449321791
32.08500244541776 4935.300008143116 3598.289449321791
32.1350160672886 4937.222992935086 3598.289449321791
32.18500866515195 4933.665672272146 3598.289449321791
32.2350016845045 4929.548853601832 3598.289449321791
32.285012573735315 4931.063884124985 3598.289449321791
32.335022555111664 4925.253165845099 3598.289449321791
32.3850256395378 4924.164325912898 3598.289449321791
32.435018449676335 4922.414582608592 3598.289449321791
32.485007580765725 4921.748028408874 3598.289449321791
32.535017802366085 4918.51501393856 3598.289449321791
32.585014160927166 4916.510436787748 3598.289449321791
32.63501087710874 4915.909150156323 3598.289449321791
32.68501952700847 4916.31146601512 3598.289449321791
32.735005210150334 4913.728177602277 3598.289449321791
32.785009632216 4911.215971100459 3598.289449321791
32.835020792478936 4906.63740654214 3598.289449321791
32.885012204971794 4905.337994868965 3598.289449321791
32.93501976646757 4903.6726865841065 3598.289449321791
32.98502495767602 4904.626724805829 3598.289449321791
33.035012441003175 4900.474427956119 3598.289449321791
33.08500641093955 4897.427074876955 3598.289449321791
33.135004775347134 4897.76198908659 3598.289449321791
33.185009335196796 4894.04629713452 3598.289449321791
33.23501695941841 4895.627793742204 3598.289449321791
33.284999336258906 4895.486553948909 3598.289449321791
33.335001638215346 4889.575156314691 3598.289449321791
33.38502197587026 4892.0356859413505 3598.289449321791
33.43502100630072 4889.173059256468 3598.289449321791
33.48502383926718 4888.516062761244 3598.289449321791
33.53501631116261 4885.9207830666 3598.289449321791
33.58500285966453 4883.611851205533 3598.289449321791
33.63499031333172 4883.208233807245 3598.289449321791
33.68499758905894 4879.7141633235515 3598.289449321791
33.735021356205 4879.319436934681 3598.289449321791
33.78502001899818 4876.065565596038 3598.289449321791
33.835016461542395 4875.28028064168 3598.289449321791
33.8850145737429 4873.182335225968 3598.289449321791
33.935005794013044 4870.08628359784 3598.289449321791
33.98501067757955 4867.503636236258 3598.289449321791
34.035007884851964 4864.301612152713 3598.289449321791
34.084994853111745 4864.388113451106 3598.289449321791
34.13500516088593 4861.956662757864 3598.289449321791
34.18501665160975 4863.476806518835 3598.289449321791
34.23501616259434 4861.911776146195 3598.289449321791
34.28502424515663 4858.668507761819 3598.289449321791
34.335010251606185 4853.834350278759 3598.289449321791
34.38500747288221 4857.476463619961 3598.289449321791
34.43500700426738 4853.788959446925 3598.289449321791
