#k, Pk, shotnoise
0.04341288312123372 11215.818509615385 130.52360745197086
0.08702917279381502 6382.332648026316 130.52360745197086
0.1383580533618277 3538.162784090909 130.52360745197086
0.18816021908589495 2686.1139905149053 130.52360745197086
0.23625913419086358 1698.7720905172414 130.52360745197086
0.28659649923986236 1339.3634903640257 130.52360745197086
0.336496845727412 1143.6652649285113 130.52360745197086
0.38526394865674995 940.8390270780856 130.52360745197086
0.4353385396840001 806.3386406844106 130.52360745197086
0.48579519714601554 724.9384928322356 130.52360745197086
0.5357681057561946 651.6629980719794 130.52360745197086
0.5857795564823571 598.1845601913367 130.52360745197086
0.6358369352385822 561.2772975432212 130.52360745197086
0.6855912190764698 524.4312156323646 130.52360745197086
0.7357376365332933 492.69604316546764 130.52360745197086
0.785888316635595 472.5556967703349 130.52360745197086
0.8354508673961637 440.2971067266949 130.52360745197086
0.8853431150659767 430.6756330960439 130.52360745197086
0.9357076450136291 406.4255021743632 130.52360745197086
0.9855134011183664 399.6466823281235 130.52360745197086
1.0355603946178449 385.47058080808085 130.52360745197086
1.0856093068854897 372.392789523509 130.52360745197086
1.1352793302749726 365.51106304517407 130.52360745197086
1.1855424738245635 355.6722640041494 130.52360745197086
1.235589962480957 348.16572186708476 130.52360745197086
1.2854141752703863 337.9746016765669 130.52360745197086
1.335103210186715 333.0179389710477 130.52360745197086
1.3849150178231553 325.76621647327374 130.52360745197086
1.4353360222887381 322.8223912756695 130.52360745197086
1.485613306637673 316.8305754199235 130.52360745197086
1.535354716705412 311.724916748286 130.52360745197086
1.5853718463791757 311.4235089499239 130.52360745197086
1.635383384573632 302.64348725017226 130.52360745197086
1.6851318639482276 300.224374129611 130.52360745197086
1.735224381186698 297.9060152653259 130.52360745197086
1.7852024682840006 295.13555992141454 130.52360745197086
1.8351534362292543 291.7337258839172 130.52360745197086
1.8852386227218252 289.40441897682103 130.52360745197086
1.9351796775515677 284.5057651350094 130.52360745197086
1.9852060540040126 282.82324382085113 130.52360745197086
2.0352229355666753 279.912685045652 130.52360745197086
2.0851975909499876 279.5103191466981 130.52360745197086
2.1353618591114527 276.764895491311 130.52360745197086
2.1852158606399072 276.08480031019775 130.52360745197086
2.235016101084209 270.16787145654524 130.52360745197086
2.2851621441693877 270.18493102723903 130.52360745197086
2.3350632002792198 266.6664016913319 130.52360745197086
2.3851032403022625 267.41481706537036 130.52360745197086
2.4352231747130406 264.58146816293635 130.52360745197086
2.485164951691251 263.1050283800406 130.52360745197086
2.5351776357427003 262.09983147190724 130.52360745197086
2.5852819577913158 261.0594445656918 130.52360745197086
2.635367029706435 258.867495015383 130.52360745197086
2.685276266805426 257.7521827929538 130.52360745197086
2.7350574577609077 255.90500442869796 130.52360745197086
2.7849721239192875 253.27054685379068 130.52360745197086
2.8351149786725958 253.80080876005272 130.52360745197086
2.8853070427774172 253.91843851088328 130.52360745197086
2.935323261063467 252.38789792609032 130.52360745197086
2.985188638080608 250.62210717379645 130.52360745197086
3.035129942492686 249.52297610405623 130.52360745197086
3.0852485783280996 251.36191224975073 130.52360745197086
3.1353289416304984 248.2104162777674 130.52360745197086
3.185162918877009 247.2241427857759 130.52360745197086
3.235126001934966 246.60375514762336 130.52360745197086
3.2851865492140133 246.0054223574506 130.52360745197086
3.3350534059974843 244.8322625513313 130.52360745197086
3.3850939970033616 243.98584920660156 130.52360745197086
3.43511475165383 242.85480183224215 130.52360745197086
3.4850854195331293 242.41918203978452 130.52360745197086
3.5352082343345357 241.10194281363923 130.52360745197086
3.585149270750284 240.68171444515193 130.52360745197086
3.635054437042299 241.1168235980335 130.52360745197086
3.685084700566753 239.51935145034878 130.52360745197086
3.73509944865768 237.78123088056313 130.52360745197086
3.785051007483472 238.45985812696867 130.52360745197086
3.835038522570464 237.23997782194007 130.52360745197086
3.8850978264484968 237.0720984901728 130.52360745197086
3.935166238680769 235.5568437241216 130.52360745197086
3.985142781648064 236.1426713900174 130.52360745197086
4.035189059350149 235.13439471852334 130.52360745197086
4.085190017250174 234.26366297625074 130.52360745197086
4.135083680485083 233.93259658416292 130.52360745197086
4.185096781549818 232.84609039748582 130.52360745197086
4.235143734713746 233.044621648268 130.52360745197086
4.285212920650457 232.08938781202062 130.52360745197086
4.335156942132565 230.95976245541138 130.52360745197086
4.385075689502319 230.32516063980063 130.52360745197086
4.435182893855874 229.4829792775029 130.52360745197086
4.485134787079134 229.41884189242353 130.52360745197086
4.535153570409619 228.89648417591087 130.52360745197086
4.585195490118877 227.8286169579379 130.52360745197086
4.634988284169842 227.2687385427196 130.52360745197086
4.684988536401403 226.9180975510357 130.52360745197086
4.735055149526006 226.10868532682576 130.52360745197086
4.784992601884696 225.7381065851812 130.52360745197086
4.835102168559994 225.9367014509495 130.52360745197086
4.885240090770058 224.6833236133706 130.52360745197086
4.935164821322969 224.43707734074408 130.52360745197086
4.985095062831815 224.99411408930652 130.52360745197086
5.035126019612272 223.252187346597 130.52360745197086
5.085108160495513 223.1702704142327 130.52360745197086
5.135080190698462 222.642051339084 130.52360745197086
5.185025723828203 222.1678681314178 130.52360745197086
5.2350215730461525 221.50974368563757 130.52360745197086
5.285111848206311 220.55864047902938 130.52360745197086
5.335115651977223 220.44304340118293 130.52360745197086
5.385119770278601 219.98295217770143 130.52360745197086
5.4351926098243855 219.58262916615044 130.52360745197086
5.485189311357592 220.15075208267876 130.52360745197086
5.535152917170193 219.73429870751553 130.52360745197086
5.585120407661825 217.96333858860626 130.52360745197086
5.635126411356671 217.3690918471165 130.52360745197086
5.685141241486292 217.8219078544018 130.52360745197086
5.735061725145519 217.7000510886346 130.52360745197086
5.785052612665086 216.9410709304043 130.52360745197086
5.835135366980581 217.00712481865563 130.52360745197086
5.885165526969623 216.81866856521265 130.52360745197086
5.935080912247088 215.93877359180306 130.52360745197086
5.985070685813989 215.46421939722896 130.52360745197086
6.035090765810211 215.81258997249455 130.52360745197086
6.085074017002084 215.05673702743874 130.52360745197086
6.135033494954541 214.83969018437108 130.52360745197086
6.185012338373112 214.69850472117787 130.52360745197086
6.23505882513704 213.71992720483541 130.52360745197086
6.285031896066973 214.12372336101274 130.52360745197086
6.335021048604968 214.36000474699435 130.52360745197086
6.385063305227329 213.56672175912618 130.52360745197086
6.43503585825857 213.53374067133146 130.52360745197086
6.4850376659249 212.70556507668618 130.52360745197086
6.535059309715584 212.15086784670908 130.52360745197086
6.585042645027699 212.0041163655113 130.52360745197086
6.635028518249684 211.60654125374032 130.52360745197086
6.685039504422045 211.71988199092206 130.52360745197086
6.735099846881587 211.03907852861826 130.52360745197086
6.785067713678883 210.78644514031555 130.52360745197086
6.835084625409436 210.39839906416458 130.52360745197086
6.885145273527135 210.19824183987743 130.52360745197086
6.935115025047961 209.7354861344153 130.52360745197086
6.985075936387851 209.50241830126788 130.52360745197086
7.0350324326575215 208.64774109341164 130.52360745197086
7.084987528951054 208.55684020730615 130.52360745197086
7.135036875133114 208.2705141190584 130.52360745197086
7.185080507040008 207.758611132825 130.52360745197086
7.235072949523245 208.19788460697256 130.52360745197086
7.285071412014761 207.35712408900443 130.52360745197086
7.335045756281506 206.93997833743197 130.52360745197086
7.385035590389558 206.74273051761907 130.52360745197086
7.435091746474697 205.8340473819504 130.52360745197086
7.485127553716961 205.75150880408458 130.52360745197086
7.5350614787025645 205.72633976892698 130.52360745197086
7.584996372640318 205.78108621635064 130.52360745197086
7.634990718623591 205.17070825917506 130.52360745197086
7.685077179311925 204.97675455434876 130.52360745197086
7.735105298615414 205.14438249994632 130.52360745197086
7.785068775939355 204.68271830924178 130.52360745197086
7.835045769748377 204.19642205621116 130.52360745197086
7.884988014238579 204.23620486193062 130.52360745197086
7.9349880402215 204.15394931093414 130.52360745197086
7.985032145561997 203.87210184057537 130.52360745197086
8.035019560441722 203.68471156073718 130.52360745197086
8.085048282127541 203.41617398944044 130.52360745197086
8.135043786635293 202.5279020955723 130.52360745197086
8.184993633281596 202.91079614512256 130.52360745197086
8.235040651637977 202.78860216679806 130.52360745197086
8.285081408042792 202.17608196808794 130.52360745197086
8.335067062853074 202.15940595497648 130.52360745197086
8.385069050276662 200.98162386370447 130.52360745197086
8.4350451812845 201.46790145750032 130.52360745197086
8.48500986073133 201.38287004568173 130.52360745197086
8.535005128459817 201.53089229870528 130.52360745197086
8.585031781666418 201.18644475915406 130.52360745197086
8.63508899183519 200.59244116620883 130.52360745197086
8.685094003563902 200.19044192367346 130.52360745197086
8.735056716539594 200.21384593003333 130.52360745197086
8.785060636469806 199.94524551739192 130.52360745197086
8.835061625192933 199.91474996708854 130.52360745197086
8.885071652692128 199.12706617438226 130.52360745197086
8.935072808097303 199.0895939004594 130.52360745197086
8.984966565832924 198.95042303476365 130.52360745197086
9.034931405643807 198.41169939551625 130.52360745197086
9.084976753380838 198.39083439498927 130.52360745197086
9.135020132730524 198.1409156964788 130.52360745197086
9.18500566388272 197.86009284177703 130.52360745197086
9.235029287035493 197.57739646187605 130.52360745197086
9.285089505841155 197.35718273612343 130.52360745197086
9.335043784012097 197.31500661548444 130.52360745197086
9.38499880970139 197.04199511670166 130.52360745197086
9.43500091110014 196.87813733309324 130.52360745197086
9.485018067277219 196.83301213753427 130.52360745197086
9.53502459509746 196.59309503771976 130.52360745197086
9.585065075434208 196.2016455822293 130.52360745197086
9.63509479314611 196.34093682975674 130.52360745197086
9.68502694156073 195.72008106040647 130.52360745197086
9.734994148685924 195.4790136147749 130.52360745197086
9.785030224657293 195.47999969389238 130.52360745197086
9.834986898964573 195.48876476527053 130.52360745197086
9.884961064842653 194.70315644310872 130.52360745197086
9.934947823711603 194.3906043550908 130.52360745197086
9.98497155826544 194.63771232308702 130.52360745197086
10.035068394450732 193.78899340956457 130.52360745197086
10.08504736388683 193.77263157514446 130.52360745197086
10.134982083234746 193.93248734226933 130.52360745197086
10.18496034842464 193.44854040791506 130.52360745197086
10.2349878558534 193.05803419736642 130.52360745197086
10.284994612678187 193.33629955610778 130.52360745197086
10.334928010572039 192.70144307011924 130.52360745197086
10.38498929895474 192.67041214041546 130.52360745197086
10.43509244535989 192.32067351532874 130.52360745197086
10.485055266658426 192.2479669194811 130.52360745197086
10.535034794290171 192.13980567143687 130.52360745197086
10.585035508055494 191.51564126911364 130.52360745197086
10.634983143687723 191.5692329159869 130.52360745197086
10.685006381276768 191.5795175721871 130.52360745197086
10.735006676672405 191.18568269727075 130.52360745197086
10.78497933015745 191.12516448288 130.52360745197086
10.835032087986589 190.53474264648548 130.52360745197086
10.885044718709993 190.80965252847616 130.52360745197086
10.935053165032283 190.07350945292228 130.52360745197086
10.985022983212868 190.118619841416 130.52360745197086
11.035012257832694 190.09235165228077 130.52360745197086
11.08507124971218 189.84964581313847 130.52360745197086
11.135067244649639 189.94930650662138 130.52360745197086
11.185067878039797 189.61703274215054 130.52360745197086
11.23511991731726 189.44067978481215 130.52360745197086
11.285070988027377 188.9508763924228 130.52360745197086
11.335008945269172 189.06220246432065 130.52360745197086
11.385056995381284 188.84789309375483 130.52360745197086
11.435040998762563 188.7322210655111 130.52360745197086
11.484997589541514 188.52665936400084 130.52360745197086
11.535002709712735 188.18408834301763 130.52360745197086
11.585007015607772 188.2590338778529 130.52360745197086
11.635012760441734 187.74516045608223 130.52360745197086
11.685022160997386 187.92574123229616 130.52360745197086
11.735004678002431 187.65568722478403 130.52360745197086
11.78503557903781 187.33999019912636 130.52360745197086
11.835056122566366 187.2799697667732 130.52360745197086
11.885062035960958 187.07838405934203 130.52360745197086
11.93504307114818 187.04562431646065 130.52360745197086
11.984987877224366 186.677347386016 130.52360745197086
12.035019985816996 186.73773040644568 130.52360745197086
12.085027452056854 186.28141925500165 130.52360745197086
12.135029717749141 186.10747341892423 130.52360745197086
12.185049514602692 185.92824018056015 130.52360745197086
12.235030581725168 185.61375704158917 130.52360745197086
12.284990531781895 185.55842728391872 130.52360745197086
12.334984786037579 185.37694995804858 130.52360745197086
12.385007580463888 185.31372582985338 130.52360745197086
12.435022470221394 184.93571188152137 130.52360745197086
12.485036408135507 185.09134424364106 130.52360745197086
12.535033996836317 184.9824091356502 130.52360745197086
12.585036890399214 184.38017137052455 130.52360745197086
12.635069047983198 184.63084749456587 130.52360745197086
12.685056982524817 184.26775881175038 130.52360745197086
12.735021291521845 184.06503388688697 130.52360745197086
12.785040512014115 183.91142459375953 130.52360745197086
12.835044578857659 183.62781044929335 130.52360745197086
12.885017981448232 183.9204206061677 130.52360745197086
12.935051764874233 183.5171841758064 130.52360745197086
12.985073048588127 183.11678367416232 130.52360745197086
13.035029302238987 183.24086734088138 130.52360745197086
13.085027477840555 183.0820867851175 130.52360745197086
13.135068585086897 183.10761491355615 130.52360745197086
13.18501218073689 183.04862338019456 130.52360745197086
13.234989624488328 182.6111300243319 130.52360745197086
13.285021553250672 182.5289741252148 130.52360745197086
13.335000383135688 182.5166621756068 130.52360745197086
13.385018724677195 182.35531561903554 130.52360745197086
13.435036149096648 182.08928364784342 130.52360745197086
13.485038568431213 182.4080830036238 130.52360745197086
13.535067000966054 181.90959514696036 130.52360745197086
13.585031501086242 181.76797164363376 130.52360745197086
13.63500648429956 181.74579761095495 130.52360745197086
13.685031173330934 181.41594216807061 130.52360745197086
13.735011391815984 181.27032107816106 130.52360745197086
13.785041625191285 181.1546957493545 130.52360745197086
13.835082307117508 180.87960348349472 130.52360745197086
13.885019065535845 180.9675097687114 130.52360745197086
13.93502104570284 180.85196995244698 130.52360745197086
13.98506755194598 180.72108639381776 130.52360745197086
14.035048957435784 180.3600187394422 130.52360745197086
14.085069252126342 180.2257925697452 130.52360745197086
14.13502803225048 180.03687114632862 130.52360745197086
14.185020156527225 180.14686180825464 130.52360745197086
14.235047520057522 179.76782949876971 130.52360745197086
14.285006525274104 179.51385850842888 130.52360745197086
14.335032199112426 179.4309793333381 130.52360745197086
14.385049475481349 179.23146062633236 130.52360745197086
14.435012365485335 179.27863572909044 130.52360745197086
14.485028103928473 179.193259882439 130.52360745197086
14.53505635862945 178.96446270813348 130.52360745197086
14.585049384521781 178.77985534843077 130.52360745197086
14.635041978996163 178.69194663143898 130.52360745197086
14.68505834422733 178.61673385700882 130.52360745197086
14.735057544034026 178.5296763228054 130.52360745197086
14.785042938101077 178.20919491653333 130.52360745197086
14.835018367671536 178.19971733905268 130.52360745197086
14.88501593350004 177.81598346424144 130.52360745197086
14.93505667728631 177.80839844375353 130.52360745197086
14.985037780412144 177.85223915678287 130.52360745197086
15.035029326405246 177.48710630032866 130.52360745197086
15.085017146241915 177.5729251592556 130.52360745197086
15.13502949271832 177.26853370424962 130.52360745197086
15.185074956445542 177.45486469507688 130.52360745197086
15.235014583768137 177.13588748430678 130.52360745197086
15.284985196983703 176.98885155844582 130.52360745197086
15.335007327706704 176.897431340822 130.52360745197086
15.385016900175769 176.70861425714384 130.52360745197086
15.435055354503296 176.77493252340932 130.52360745197086
15.485075423957477 176.65009787129924 130.52360745197086
15.535067008375348 176.32340878682587 130.52360745197086
15.585056137305994 176.37412264046247 130.52360745197086
15.635080645911344 176.16823985364587 130.52360745197086
15.68507631747311 176.05550521779497 130.52360745197086
15.735017638740556 175.95653391454059 130.52360745197086
15.785017494429317 175.8713114974004 130.52360745197086
15.835053471498941 175.74131135898338 130.52360745197086
15.885053081647781 175.56121997359008 130.52360745197086
15.9350229094531 175.42946652080056 130.52360745197086
15.98504512334694 175.35138108567284 130.52360745197086
16.03501691210065 175.3932056062308 130.52360745197086
16.084990984877102 175.00468851243716 130.52360745197086
16.13503138072936 174.92187972984198 130.52360745197086
16.185013797989402 174.73186038800407 130.52360745197086
16.235042563750063 174.75152357435857 130.52360745197086
16.28504481368448 174.68956302984068 130.52360745197086
16.335016904427594 174.56074618129637 130.52360745197086
16.385036564505228 174.47725367362935 130.52360745197086
16.435023196441776 174.32851125769545 130.52360745197086
16.4850210306131 174.47341631762137 130.52360745197086
16.535020361552483 174.1217062298117 130.52360745197086
16.585006008896602 173.90767504681205 130.52360745197086
16.635020340269822 173.95951438451138 130.52360745197086
16.68501233613687 173.81548290512688 130.52360745197086
16.735008190469486 173.61819593890868 130.52360745197086
16.78501872464632 173.5906411129234 130.52360745197086
16.834996753306825 173.40995478392307 130.52360745197086
16.884989565692962 173.26770372317705 130.52360745197086
16.93501590895783 173.22632768202817 130.52360745197086
16.984997004714455 173.16937097832724 130.52360745197086
17.03499519696678 173.03005786473332 130.52360745197086
17.08505495150239 172.90423193874375 130.52360745197086
17.13503678656837 172.8396744865972 130.52360745197086
17.185008766760685 172.72040157557987 130.52360745197086
17.23503159853936 172.5693351966953 130.52360745197086
17.285012193401585 172.4587597821537 130.52360745197086
17.335003675890864 172.6569813441524 130.52360745197086
17.385007421339544 172.3133500073419 130.52360745197086
17.435019126105797 172.0265523105877 130.52360745197086
17.485026664977102 171.96434302613778 130.52360745197086
17.535014582832556 171.90972874114118 130.52360745197086
17.585038663685136 171.64540163421617 130.52360745197086
17.63501481642067 171.85941067713804 130.52360745197086
17.684978864140014 171.4986336712508 130.52360745197086
17.73500931212016 171.42130321233 130.52360745197086
17.78502599493798 171.46766188188892 130.52360745197086
17.83500792706245 171.59053730960406 130.52360745197086
17.88501913393329 171.21528650166448 130.52360745197086
17.935001270241173 171.1735073684643 130.52360745197086
17.985000833056873 171.15871822964297 130.52360745197086
18.035033484505615 171.14136342834215 130.52360745197086
18.085035027115296 170.91503269804764 130.52360745197086
18.13503126803246 170.82272169129004 130.52360745197086
18.185028824969685 170.68021859352584 130.52360745197086
18.23502445489192 170.68501945434096 130.52360745197086
18.28500348105777 170.46881897849298 130.52360745197086
18.33501216664384 170.33740164257713 130.52360745197086
18.385048330486512 170.17305513561908 130.52360745197086
18.43504278413665 170.02292318056973 130.52360745197086
18.485015882402863 170.04997989333137 130.52360745197086
18.53503326548818 169.77615439480832 130.52360745197086
18.585028096210003 170.0616849619131 130.52360745197086
18.635001851057716 169.81367900068216 130.52360745197086
18.685027340496653 169.6632531555132 130.52360745197086
18.735024599574796 169.49429449520184 130.52360745197086
18.785006460729143 169.38860703712177 130.52360745197086
18.835011350453133 169.26967834744926 130.52360745197086
18.88503812543086 169.19816489979453 130.52360745197086
18.935078806133408 169.15903371608817 130.52360745197086
18.985077941711406 169.12305480284226 130.52360745197086
19.035043966062915 168.9301355441472 130.52360745197086
19.085038130542827 168.85975941625696 130.52360745197086
19.13503797189765 168.80123690087615 130.52360745197086
19.18502414041585 168.8119378664816 130.52360745197086
19.23503623227649 168.71002963409032 130.52360745197086
19.285006824296723 168.49587099945998 130.52360745197086
19.335003321220242 168.30361167929317 130.52360745197086
19.385041358278208 168.27156683529043 130.52360745197086
19.435022823772826 168.03093099167162 130.52360745197086
19.485004447028455 167.97204443648266 130.52360745197086
19.535017599431832 168.20054123016104 130.52360745197086
19.58500318432275 167.8937257212489 130.52360745197086
19.634998641060744 167.73967042656045 130.52360745197086
19.685009229334668 168.0315464637508 130.52360745197086
19.735004960710366 167.89454427810946 130.52360745197086
19.785037163786352 167.82337447042792 130.52360745197086
19.83503017376143 167.7612345510273 130.52360745197086
19.885024104732004 167.51196389390827 130.52360745197086
19.935024364869008 167.50057947807264 130.52360745197086
19.98500616368383 167.4191115807446 130.52360745197086
20.035031840170017 167.26634206187939 130.52360745197086
20.085015726665734 167.12577640740474 130.52360745197086
20.135003320410636 167.02829548712066 130.52360745197086
20.185028046890757 167.0179132861295 130.52360745197086
20.235013433787046 166.84772624233705 130.52360745197086
20.284998787412462 166.82172263442138 130.52360745197086
20.335035434933673 166.7963098565859 130.52360745197086
20.385036574054574 166.70301857873935 130.52360745197086
20.43501797804506 166.6228048886991 130.52360745197086
20.48503677952185 166.5343876168257 130.52360745197086
20.535053734567366 166.3252416014976 130.52360745197086
20.585040055137874 166.50226589569345 130.52360745197086
20.635000466393215 166.10256361661274 130.52360745197086
20.685013784554602 166.24573862633554 130.52360745197086
20.735039576366667 166.01718662974028 130.52360745197086
20.785013396883116 166.05068525401964 130.52360745197086
20.83499934732452 166.02807882605245 130.52360745197086
20.885018826957428 165.75190271538065 130.52360745197086
20.935026112750414 165.6270413518919 130.52360745197086
20.985038539064178 165.65553961910024 130.52360745197086
21.03503148817928 165.6599218014686 130.52360745197086
21.084994599398737 165.58291356018032 130.52360745197086
21.13500579352836 165.40665961017677 130.52360745197086
21.1850142366415 165.31380456299743 130.52360745197086
21.235006371756423 165.13649085514461 130.52360745197086
21.28500840621597 165.1949700298285 130.52360745197086
21.33498717488422 165.08303944824465 130.52360745197086
21.384995441415512 164.9529208281294 130.52360745197086
21.435015152898156 164.92347363545807 130.52360745197086
21.485030774360574 164.81352979701614 130.52360745197086
21.535019488223085 164.7283488342091 130.52360745197086
21.584992491428366 164.7403500518068 130.52360745197086
21.63500474473261 164.68001339461244 130.52360745197086
21.68502606878198 164.61707509807496 130.52360745197086
21.734998503223473 164.4337403705983 130.52360745197086
21.784983722847944 164.34152052560617 130.52360745197086
21.835016288625095 164.33452387814785 130.52360745197086
21.885011296860547 164.22791424275422 130.52360745197086
21.935003956266502 164.11725229078604 130.52360745197086
21.98500350011211 164.07313950030647 130.52360745197086
22.03500875266101 163.96941064989255 130.52360745197086
22.08500932753569 163.85525745397044 130.52360745197086
22.135004234629243 163.8330757896469 130.52360745197086
22.1850004699001 163.57776672766997 130.52360745197086
22.2349965393273 163.73478592206666 130.52360745197086
22.285009423470928 163.7279768090233 130.52360745197086
22.335001781870588 163.50060633872164 130.52360745197086
22.384992405845693 163.47187149950284 130.52360745197086
22.434995199951096 163.51790999958664 130.52360745197086
22.485011279851193 163.2934608857463 130.52360745197086
22.535013235708373 163.29739982635652 130.52360745197086
22.585015609926792 163.32668059173332 130.52360745197086
22.63501775945523 163.12396013743836 130.52360745197086
22.685011097642025 163.06902706854854 130.52360745197086
22.735022608586203 163.05415357313717 130.52360745197086
22.78501325049037 162.98611980340274 130.52360745197086
22.835003195941283 162.8682443874259 130.52360745197086
22.88500300594061 162.81554420397006 130.52360745197086
22.935011258951786 162.7735458100734 130.52360745197086
22.98501863096653 162.72693593304612 130.52360745197086
23.0349906187688 162.63609483721746 130.52360745197086
23.08496183656522 162.67653851472352 130.52360745197086
23.13498003805497 162.39909075370912 130.52360745197086
23.18500981382652 162.38529095125142 130.52360745197086
23.235015213300635 162.35603554505627 130.52360745197086
23.285010037997267 162.23394801305557 130.52360745197086
23.335016359871542 162.0692108349781 130.52360745197086
23.38502484387048 162.08199685080015 130.52360745197086
23.435020808100347 162.10921632496647 130.52360745197086
23.485001466784556 161.9140091445673 130.52360745197086
23.535001683520306 161.90813689656557 130.52360745197086
23.585019482826823 161.93258302568435 130.52360745197086
23.635009817692215 161.75574604032195 130.52360745197086
23.685008373019823 161.70783759601278 130.52360745197086
23.735027582873165 161.5742156045234 130.52360745197086
23.78503256470155 161.56902886620287 130.52360745197086
23.835031207342187 161.5464507074064 130.52360745197086
23.88503019084897 161.46977711429102 130.52360745197086
23.935009007664057 161.42210599398436 130.52360745197086
23.985002831511764 161.27375719538577 130.52360745197086
24.034977193208505 161.32854559501016 130.52360745197086
24.084979858450623 161.26643706041742 130.52360745197086
24.135021399406153 161.06401994106037 130.52360745197086
24.185021034159707 161.09609555165449 130.52360745197086
24.23501292736868 161.0041262949692 130.52360745197086
24.285023713868735 160.91893752011003 130.52360745197086
24.33501358675616 160.79220872380375 130.52360745197086
24.385010459934268 160.90300028734313 130.52360745197086
24.435011913312415 160.72126767513214 130.52360745197086
24.485009250293245 160.69290080905824 130.52360745197086
24.535016722856383 160.60358577996047 130.52360745197086
24.584995057508554 160.57775091477868 130.52360745197086
24.635012158902658 160.47022897446405 130.52360745197086
24.685034691358126 160.46031183994836 130.52360745197086
24.735035106616554 160.30481320824484 130.52360745197086
24.78502283439363 160.25953972356658 130.52360745197086
24.835011598489665 160.28631411812455 130.52360745197086
24.88502325534942 160.17657799643214 130.52360745197086
24.935027474193532 160.21394874891496 130.52360745197086
24.98500846063419 160.0411762122051 130.52360745197086
25.03501043822399 159.95930907967596 130.52360745197086
25.08500820003941 159.98432799272373 130.52360745197086
25.135013643593453 159.73638709870022 130.52360745197086
25.185022746951862 159.80674421685055 130.52360745197086
25.235011898580808 159.68808198919317 130.52360745197086
25.28502355332711 159.70405794562944 130.52360745197086
25.335023729877907 159.6487823493136 130.52360745197086
25.385017186403612 159.57183067824724 130.52360745197086
25.435011709096777 159.4606504406276 130.52360745197086
25.484993554295382 159.43105769665206 130.52360745197086
25.53500016225883 159.35721921964682 130.52360745197086
25.585029583837997 159.30034132750419 130.52360745197086
25.63502375540807 159.216940016665 130.52360745197086
25.685021021936222 159.13104684302334 130.52360745197086
25.735036876020544 159.10734006793632 130.52360745197086
25.785006346557154 159.09177338729137 130.52360745197086
25.835000282710485 159.08942220588608 130.52360745197086
25.885030789680812 158.85832278735535 130.52360745197086
25.935007032325473 158.9211675772155 130.52360745197086
25.98499416361709 158.9080112123267 130.52360745197086
26.035014055755237 158.7630575410834 130.52360745197086
26.085027930348918 158.66317854912748 130.52360745197086
26.135034622437313 158.61015042275537 130.52360745197086
26.185033040410637 158.5895211704947 130.52360745197086
26.235031004141227 158.5689358152083 130.52360745197086
26.28503278569175 158.32927512607608 130.52360745197086
26.335019717976817 158.4355633023535 130.52360745197086
26.385007524584132 158.4094059823676 130.52360745197086
26.435027445829057 158.38221257565868 130.52360745197086
26.48502874896273 158.34999710451044 130.52360745197086
26.53502591406861 158.26017389892377 130.52360745197086
26.585033854886976 158.27184690655304 130.52360745197086
26.635020461918803 158.06610527638034 130.52360745197086
26.685018612351012 158.05008989292628 130.52360745197086
26.735012423492975 158.0439816774653 130.52360745197086
26.78500763081469 158.00111185453275 130.52360745197086
26.83501405251716 157.98172410826243 130.52360745197086
26.88500549083458 157.85978843125386 130.52360745197086
26.93500274680718 157.82889934979468 130.52360745197086
26.985017968113926 157.83047422119083 130.52360745197086
27.035023440384837 157.63968684385796 130.52360745197086
27.08501388446697 157.74747155625764 130.52360745197086
27.135019022440712 157.5415312878673 130.52360745197086
27.185034746936005 157.53551458566247 130.52360745197086
27.23501869071011 157.57090328417956 130.52360745197086
27.28500583054271 157.4951059212581 130.52360745197086
27.33500587487881 157.43820295851577 130.52360745197086
27.385015063295434 157.39540682600628 130.52360745197086
27.435019828050528 157.34042411422593 130.52360745197086
27.48500614083683 157.38418602845175 130.52360745197086
27.535023011127258 157.29518455587115 130.52360745197086
27.585034221494823 157.25310932453377 130.52360745197086
27.635029764976675 157.26593348153187 130.52360745197086
27.685031954139806 157.1590942137123 130.52360745197086
27.735033013527513 157.14155909278983 130.52360745197086
27.785024955269275 157.11291237478278 130.52360745197086
27.835013772923205 157.02847531683037 130.52360745197086
27.885011712725802 156.99723489092344 130.52360745197086
27.935008293126145 156.8829252102236 130.52360745197086
27.985012100425124 156.76926757719613 130.52360745197086
28.035024039176285 156.7471361874999 130.52360745197086
28.085023898510894 156.76638280465582 130.52360745197086
28.135026332940136 156.6988055256376 130.52360745197086
28.185025692888782 156.5989394766811 130.52360745197086
28.23500973080711 156.58841047036609 130.52360745197086
28.285016023042715 156.51628440080745 130.52360745197086
28.335028900813505 156.42215758350648 130.52360745197086
28.385020999487384 156.4893333923429 130.52360745197086
28.43502363380337 156.45924194634858 130.52360745197086
28.485023444445215 156.40682950680252 130.52360745197086
28.535018735364076 156.28822898805348 130.52360745197086
28.585029168360432 156.36179632803123 130.52360745197086
28.635026877050674 156.35311016938542 130.52360745197086
28.685014219868297 156.19978937994082 130.52360745197086
28.735003735421113 156.16502204231875 130.52360745197086
28.785001402228147 156.16378538730336 130.52360745197086
28.835030137959745 156.10309124832858 130.52360745197086
28.88504442661258 156.14251773121336 130.52360745197086
28.935034268847293 156.02335214535546 130.52360745197086
28.985047861064913 156.0145154755711 130.52360745197086
29.03503970608606 155.97793042696364 130.52360745197086
29.085002141018837 155.88488880134364 130.52360745197086
29.135016393492272 155.902359314857 130.52360745197086
29.18502565548513 155.7451344479577 130.52360745197086
29.235003854565072 155.89569306470392 130.52360745197086
29.28501720803456 155.76210445011773 130.52360745197086
29.335021485741148 155.69973697266823 130.52360745197086
29.385023747266885 155.6778229874335 130.52360745197086
29.435031239261974 155.58496866709262 130.52360745197086
29.485039496503234 155.73913007743462 130.52360745197086
29.535056723947616 155.66429942765228 130.52360745197086
29.585039430842237 155.49103466807406 130.52360745197086
29.635029330827404 155.55605329860163 130.52360745197086
29.685030510089145 155.47655451603168 130.52360745197086
29.735014592664193 155.45297852841531 130.52360745197086
29.785029500831296 155.43939970193225 130.52360745197086
29.83505016925299 155.3050932331818 130.52360745197086
29.88504266015853 155.37082671595735 130.52360745197086
29.935034572161452 155.28019783550934 130.52360745197086
29.985027198796583 155.18061777142057 130.52360745197086
30.035012506856845 155.23851629731 130.52360745197086
30.085013520559762 155.1692027849924 130.52360745197086
30.135023831955223 155.00213866059872 130.52360745197086
30.185015356792164 155.07673603755157 130.52360745197086
30.235007864807404 155.05193422401388 130.52360745197086
30.285021499954976 155.048854276728 130.52360745197086
30.33502977586886 154.86743747462307 130.52360745197086
30.385016966007974 154.96612432269896 130.52360745197086
30.43501980656682 154.96890974412656 130.52360745197086
30.485021907134463 154.95243207062256 130.52360745197086
30.535009053385746 154.8588308314661 130.52360745197086
30.58501970980405 154.88964794990366 130.52360745197086
30.635026727727194 154.9284621645266 130.52360745197086
30.685014544116957 154.86006498244785 130.52360745197086
30.735019935550714 154.73721344219268 130.52360745197086
30.785017626929644 154.6750901060064 130.52360745197086
30.83499034241288 154.75825147610175 130.52360745197086
30.88500597954971 154.6461957430342 130.52360745197086
30.9350200177471 154.58104900543057 130.52360745197086
30.985016244295117 154.5581291178404 130.52360745197086
31.035017868901495 154.53022767035299 130.52360745197086
31.08500823847495 154.4435545182638 130.52360745197086
31.135019940244188 154.39413751734688 130.52360745197086
31.185016552193744 154.4134772708455 130.52360745197086
31.235004554291066 154.21892707430112 130.52360745197086
31.28502030240842 154.26794601283964 130.52360745197086
31.335003718077246 154.21556450741892 130.52360745197086
31.384995054077347 154.31773075891337 130.52360745197086
31.43501934226396 154.25606911568843 130.52360745197086
31.485029607559692 154.26095406138313 130.52360745197086
31.53503796523134 154.1864205447495 130.52360745197086
31.585031521224742 153.99862731438506 130.52360745197086
31.6350193937159 154.09218952010585 130.52360745197086
31.685017346785276 154.08651384251428 130.52360745197086
31.73501706418033 154.0236742817168 130.52360745197086
31.785008744571766 153.9591978524555 130.52360745197086
31.835015676032306 153.95862290868106 130.52360745197086
31.885019726904996 153.86169573060732 130.52360745197086
31.93501246506677 153.80190371960774 130.52360745197086
31.985014697381967 153.8490879794487 130.52360745197086
32.035002635415 153.8031425129741 130.52360745197086
32.08500244541776 153.82817099831487 130.52360745197086
32.1350160672886 153.79288865634587 130.52360745197086
32.18500866515195 153.6653016199748 130.52360745197086
32.2350016845045 153.7424038553129 130.52360745197086
32.285012573735315 153.67532466619272 130.52360745197086
32.335022555111664 153.72602448916768 130.52360745197086
32.3850256395378 153.5355251517578 130.52360745197086
32.435018449676335 153.56714381621575 130.52360745197086
32.485007580765725 153.58427288834528 130.52360745197086
32.535017802366085 153.4516927569685 130.52360745197086
32.585014160927166 153.4829212314272 130.52360745197086
32.63501087710874 153.42428044173786 130.52360745197086
32.68501952700847 153.38151944517844 130.52360745197086
32.735005210150334 153.329005791799 130.52360745197086
32.785009632216 153.32305524433073 130.52360745197086
32.835020792478936 153.3169327814185 130.52360745197086
32.885012204971794 153.26694659725501 130.52360745197086
32.93501976646757 153.3114915377006 130.52360745197086
32.98502495767602 153.25532872115747 130.52360745197086
33.035012441003175 153.2674053077285 130.52360745197086
33.08500641093955 153.16779864912294 130.52360745197086
33.135004775347134 153.19129822199417 130.52360745197086
33.185009335196796 153.21981819827784 130.52360745197086
33.23501695941841 153.1751566473534 130.52360745197086
33.284999336258906 153.09332367043936 130.52360745197086
33.335001638215346 153.11316629878982 130.52360745197086
33.38502197587026 153.0767510861189 130.52360745197086
33.43502100630072 152.97354109369752 130.52360745197086
33.48502383926718 152.98725430916747 130.52360745197086
33.53501631116261 152.91560226940618 130.52360745197086
33.58500285966453 152.86504346887577 130.52360745197086
33.63499031333172 152.9139468991782 130.52360745197086
33.68499758905894 152.87144444624715 130.52360745197086
33.735021356205 152.8133743954126 130.52360745197086
33.78502001899818 152.777144604959 130.52360745197086
33.835016461542395 152.7992099569499 130.52360745197086
33.8850145737429 152.62810385099024 130.52360745197086
33.935005794013044 152.7133897946288 130.52360745197086
33.98501067757955 152.70825524529093 130.52360745197086
34.035007884851964 152.66776359314116 130.52360745197086
34.084994853111745 152.6223270056379 130.52360745197086
34.13500516088593 152.61923354038615 130.52360745197086
34.18501665160975 152.5105584067859 130.52360745197086
34.23501616259434 152.5560902283621 130.52360745197086
34.28502424515663 152.5615564738163 130.52360745197086
34.335010251606185 152.42533035816248 130.52360745197086
34.38500747288221 152.48619279659 130.52360745197086
34.43500700426738 152.47100689668613 130.52360745197086
